County,GORE,BUSH,BUCHANAN,NADER,BROWNE,HAGELIN,HARRIS,MCREYNOLDS,MOOREHEAD,PHILLIPS,Total,GOREpct,BUSHpct,BUCHpct,NADERpct,BROWNpct,HAGELpct,HARRSpct,MCRpct,MORHDpct,PHLPSpct
ALACHUA,47300,34062,262,3215,658,42,4,658,21,20,86242,.548457,.394958,.003038,.0372788,.0076297,.000487,4.64e-05,.0076297,.0002435,.0002319
BAKER,2392,5610,73,53,17,3,0,0,3,3,8154,.293353,.688006,.0089527,.0064999,.0020849,.0003679,0,0,.0003679,.0003679
BAY,18850,38637,248,828,171,18,5,3,37,18,58815,.320496,.656924,.0042166,.014078,.0029074,.000306,8.5e-05,5.1e-05,.0006291,.000306
BRADFORD,3072,5413,65,84,28,2,0,0,3,2,8669,.354366,.624409,.007498,.0096897,.0032299,.0002307,0,0,.0003461,.0002307
BREVARD,97318,115185,570,4470,643,39,11,11,76,72,218395,.445605,.527416,.00261,.0204675,.0029442,.0001786,5.04e-05,5.04e-05,.000348,.0003297
BROWARD,386518,177279,789,7099,1212,128,49,35,123,74,573306,.674191,.309222,.0013762,.0123826,.0021141,.0002233,8.55e-05,6.1e-05,.0002145,.0001291
CALHOUN,2155,2873,90,39,10,1,0,1,3,2,5174,.416506,.555276,.0173947,.0075377,.0019327,.0001933,0,.0001933,.0005798,.0003865
CHARLOTTE,29641,35419,182,1461,127,15,6,3,12,19,66885,.443164,.529551,.0027211,.0218435,.0018988,.0002243,8.97e-05,4.49e-05,.0001794,.0002841
CITRUS,25501,29744,270,1378,194,16,5,0,28,18,57154,.44618,.520419,.0047241,.0241103,.0033943,.0002799,8.75e-05,0,.0004899,.0003149
CLAY,14630,41745,186,562,204,14,1,3,9,6,57360,.255056,.727772,.0032427,.0097978,.0035565,.0002441,1.74e-05,5.23e-05,.0001569,.0001046
COLLIER,29905,60426,122,1400,185,34,7,4,29,10,92122,.324624,.655935,.0013243,.0151972,.0020082,.0003691,7.6e-05,4.34e-05,.0003148,.0001086
COLUMBIA,7047,10964,89,258,127,7,1,2,5,8,18508,.380754,.592392,.0048087,.0139399,.0068619,.0003782,5.4e-05,.0001081,.0002702,.0004322
DADE,328702,289456,561,5355,759,119,88,36,124,69,625269,.525697,.46293,.0008972,.0085643,.0012139,.0001903,.0001407,5.76e-05,.0001983,.0001104
DE SOTO,3322,4256,36,157,23,0,0,3,2,8,7807,.425516,.545152,.0046112,.0201102,.0029461,0,0,.0003843,.0002562,.0010247
DIXIE,1825,2698,29,75,32,2,0,0,2,3,4666,.391127,.578225,.0062152,.0160737,.0068581,.0004286,0,0,.0004286,.0006429
DUVAL,107680,152082,650,2752,954,160,36,16,41,57,264428,.407219,.575136,.0024581,.0104074,.0036078,.0006051,.0001361,6.05e-05,.0001551,.0002156
ESCAMBIA,40958,73029,504,1729,297,24,6,3,20,110,116680,.351028,.625891,.0043195,.0148183,.0025454,.0002057,5.14e-05,2.57e-05,.0001714,.0009427
FLAGLER,13891,12608,83,435,60,4,1,3,12,3,27100,.512583,.46524,.0030627,.0160517,.002214,.0001476,3.69e-05,.0001107,.0004428,.0001107
FRANKLIN,2042,2448,33,85,17,3,1,0,2,3,4634,.440656,.528269,.0071213,.0183427,.0036685,.0006474,.0002158,0,.0004316,.0006474
GADSDEN,9565,4750,39,139,24,4,7,3,12,6,14549,.657434,.326483,.0026806,.0095539,.0016496,.0002749,.0004811,.0002062,.0008248,.0004124
GILCHRIST,1910,3300,29,97,52,1,0,0,4,2,5395,.354032,.611677,.0053753,.0179796,.0096386,.0001854,0,0,.0007414,.0003707
GLADES,1420,1840,9,56,12,3,0,1,1,0,3342,.424895,.550569,.002693,.0167564,.0035907,.0008977,0,.0002992,.0002992,0
GULF,2389,3546,71,86,21,4,2,2,9,2,6132,.389596,.578278,.0115786,.0140248,.0034247,.0006523,.0003262,.0003262,.0014677,.0003262
HAMILTON,1718,2153,24,39,11,2,6,9,4,7,3973,.432419,.541908,.0060408,.0098163,.0027687,.0005034,.0015102,.0022653,.0010068,.0017619
HARDEE,2341,3764,30,75,17,2,0,0,3,2,6234,.375521,.603786,.0048123,.0120308,.002727,.0003208,0,0,.0004812,.0003208
HENDRY,3239,4743,22,103,11,1,3,2,2,7,8133,.398254,.58318,.002705,.0126645,.0013525,.000123,.0003689,.0002459,.0002459,.0008607
HERNANDO,32644,30646,242,1501,116,26,8,4,22,10,65219,.500529,.469894,.0037106,.0230148,.0017786,.0003987,.0001227,6.13e-05,.0003373,.0001533
HIGHLANDS,14152,20196,99,409,51,14,5,3,7,5,34941,.405026,.578003,.0028333,.0117054,.0014596,.0004007,.0001431,8.59e-05,.0002003,.0001431
HILLSBOROUGH,166581,176967,836,7348,1104,215,35,29,150,66,353331,.471459,.500853,.0023661,.0207964,.0031245,.0006085,9.91e-05,8.21e-05,.0004245,.0001868
HOLMES,2154,4985,76,91,18,7,1,3,2,6,7343,.293341,.678878,.01035,.0123928,.0024513,.0009533,.0001362,.0004086,.0002724,.0008171
INDIAN RIVER,19769,28627,105,950,123,13,4,2,10,13,49616,.39844,.576971,.0021163,.019147,.002479,.000262,8.06e-05,4.03e-05,.0002015,.000262
JACKSON,6868,9138,102,138,40,2,0,1,7,4,16300,.42135,.560613,.0062577,.0084663,.002454,.0001227,0,6.13e-05,.0004294,.0002454
JEFFERSON,3038,2481,29,76,14,1,2,1,0,0,5642,.538462,.439738,.00514,.0134704,.0024814,.0001772,.0003545,.0001772,0,0
LAFAYETTE,788,1669,10,26,6,0,3,1,0,1,2504,.314696,.666534,.0039936,.0103834,.0023962,0,.0011981,.0003994,0,.0003994
LAKE,36555,49963,289,1459,203,36,4,1,14,21,88545,.412841,.564267,.0032639,.0164775,.0022926,.0004066,4.52e-05,1.13e-05,.0001581,.0002372
LEE,73560,106141,305,3587,538,81,30,5,96,34,184377,.398965,.575674,.0016542,.0194547,.0029179,.0004393,.0001627,2.71e-05,.0005207,.0001844
LEON,61425,39053,282,1932,330,28,9,7,31,16,103113,.595706,.37874,.0027349,.0187367,.0032004,.0002715,8.73e-05,6.79e-05,.0003006,.0001552
LEVY,5403,6860,67,284,92,1,1,1,11,10,12730,.42443,.538885,.0052632,.0223095,.007227,7.86e-05,7.86e-05,7.86e-05,.0008641,.0007855
LIBERTY,1011,1316,39,19,12,3,0,0,2,1,2403,.420724,.547649,.0162297,.0079068,.0049938,.0012484,0,0,.0008323,.0004161
MADISON,3011,3038,29,54,18,2,0,1,5,1,6159,.488878,.493262,.0047086,.0087677,.0029226,.0003247,0,.0001624,.0008118,.0001624
MANATEE,49169,57948,272,2489,243,35,5,3,26,19,110209,.446143,.525801,.002468,.0225844,.0022049,.0003176,4.54e-05,2.72e-05,.0002359,.0001724
MARION,44648,55135,563,1810,361,26,14,6,49,22,102634,.435022,.5372,.0054855,.0176355,.0035174,.0002533,.0001364,5.85e-05,.0004774,.0002144
MARTIN,26619,33864,108,1075,105,29,13,8,12,19,61852,.430366,.5475,.0017461,.0173802,.0016976,.0004689,.0002102,.0001293,.000194,.0003072
MONROE,16483,16059,47,1090,162,26,1,0,7,3,33878,.48654,.474024,.0013873,.0321743,.0047819,.0007675,2.95e-05,0,.0002066,8.86e-05
NASSAU,6952,16404,90,255,63,8,0,4,3,3,23782,.292322,.689765,.0037844,.0107224,.0026491,.0003364,0,.0001682,.0001261,.0001261
OKALOOSA,16924,52043,267,984,313,15,4,2,20,33,70605,.2397,.737101,.0037816,.0139367,.0044331,.0002125,5.67e-05,2.83e-05,.0002833,.0004674
OKEECHOBEE,4588,5058,43,131,21,4,1,1,4,3,9854,.465598,.513294,.0043637,.0132941,.0021311,.0004059,.0001015,.0001015,.0004059,.0003044
ORANGE,140115,134476,446,3881,892,65,13,7,45,41,279981,.500445,.480304,.001593,.0138617,.0031859,.0002322,4.64e-05,2.5e-05,.0001607,.0001464
OSCEOLA,28177,26216,145,732,309,21,10,5,33,10,55658,.506252,.471019,.0026052,.0131517,.0055518,.0003773,.0001797,8.98e-05,.0005929,.0001797
PALM BEACH,268945,152846,3407,5564,743,143,45,302,103,188,432286,.622146,.353576,.0078814,.0128711,.0017188,.0003308,.0001041,.0006986,.0002383,.0004349
PASCO,69550,68581,570,3392,412,82,18,14,77,17,142713,.487342,.480552,.003994,.023768,.0028869,.0005746,.0001261,9.81e-05,.0005395,.0001191
PINELLAS,199660,184312,1010,9986,1222,444,40,27,167,70,396938,.503,.464334,.0025445,.0251576,.0030786,.0011186,.0001008,6.8e-05,.0004207,.0001764
POLK,74977,90101,538,2060,365,59,8,5,36,46,168195,.445774,.535694,.0031987,.0122477,.0021701,.0003508,4.76e-05,2.97e-05,.000214,.0002735
PUTNAM,12091,13439,147,379,114,7,2,4,12,10,26205,.4614,.512841,.0056096,.0144629,.0043503,.0002671,7.63e-05,.0001526,.0004579,.0003816
ST. JOHNS,19482,39497,229,1214,210,11,4,2,13,12,60674,.321093,.650971,.0037743,.0200086,.0034611,.0001813,6.59e-05,3.3e-05,.0002143,.0001978
ST. LUCIE,41559,34705,124,1368,165,12,4,10,29,13,77989,.532883,.444999,.00159,.0175409,.0021157,.0001539,5.13e-05,.0001282,.0003718,.0001667
SANTA ROSA,12795,36248,311,723,131,13,1,1,19,43,50285,.25445,.720851,.0061847,.014378,.0026052,.0002585,1.99e-05,1.99e-05,.0003778,.0008551
SARASOTA,72854,83100,305,4066,431,94,11,5,59,15,160940,.452678,.516341,.0018951,.0252641,.002678,.0005841,6.83e-05,3.11e-05,.0003666,9.32e-05
SEMINOLE,58888,75293,194,1940,551,38,38,5,70,27,137044,.429701,.549407,.0014156,.014156,.0040206,.0002773,.0002773,3.65e-05,.0005108,.000197
SUMTER,9634,12126,114,307,53,2,2,0,17,3,22258,.432833,.544793,.0051218,.0137928,.0023812,8.99e-05,8.99e-05,0,.0007638,.0001348
SUWANNEE,4084,8014,108,182,53,4,2,0,5,9,12461,.327743,.643127,.008667,.0146056,.0042533,.000321,.0001605,0,.0004013,.0007223
TAYLOR,2647,4051,27,59,4,3,0,1,1,8,6801,.389207,.595648,.00397,.0086752,.0005881,.0004411,0,.000147,.000147,.0011763
UNION,1399,2326,26,29,13,0,1,0,0,0,3794,.36874,.613073,.0068529,.0076436,.0034265,0,.0002636,0,0,0
VOLUSIA,97063,82214,396,2436,3211,33,9888,3,59,2927,198230,.489648,.41474,.0019977,.0122888,.0161984,.0001665,.0498815,1.51e-05,.0002976,.0147657
WAKULLA,3835,4511,46,149,30,3,2,1,6,0,8583,.446813,.525574,.0053594,.0173599,.0034953,.0003495,.000233,.0001165,.0006991,0
WALTON,5637,12176,120,265,68,11,3,2,18,7,18307,.307915,.665101,.0065549,.0144753,.0037144,.0006009,.0001639,.0001092,.0009832,.0003824
WASHINGTON,2796,4983,88,93,32,20,0,0,5,9,8026,.348368,.620857,.0109644,.0115873,.003987,.0024919,0,0,.000623,.0011214
