District,4thmath,8thmath,11thmath,4th read,8th read,11th read,8th sci,11th sci,size,size(coded),small size,med size,large size,salary,experience,4th avg,8th avg,11th avg,Math avg,Read avg,Sci avg
Dubuque,68,71,78,*,*,*,70,59,9201,3,0,0,1,37730.4,14.51,*,*,*,72.3333,*,64.5
West Des Moines,88,88,81,83,81,79,85,85,8452,3,0,0,1,39109.8,10.72,85.5,84.6667,81.6667,85.6667,81,85
Ankeny,83,86,92,80,80,88,81,89,5610,3,0,0,1,39501.1,11.67,81.5,82.3333,89.6667,87,82.6667,85
Muscatine,68,70,73,65,63,64,65,71,5192,3,0,0,1,38558.6,14.53,66.5,66,69.3333,70.3333,64,68
Marshalltown,63,60,73,56,61,74,57,77,4724,3,0,0,1,39079,13.02,59.5,59.3333,74.6667,65.3333,63.6667,67
Ames,84,88,88,82,84,80,88,81,4702,3,0,0,1,39141.3,12.71,83,86.6667,83,86.6667,82,84.5
Linn-Mar,79,92,95,78,86,87,*,93,4574,3,0,0,1,42906.3,11.51,78.5,*,91.6667,88.6667,83.6667,*
Clinton,68,73,80,58,67,77,67,84,4530,3,0,0,1,36371.1,12.52,63,69,80.3333,73.6667,67.3333,75.5
Southeast Polk,67,80,78,67,75,77,81,80,4413,3,0,0,1,37834.4,11.01,67,78.6667,78.3333,75,73,80.5
Burlington,69,74,77,67,72,73,63,80,4412,3,0,0,1,36840,14.11,68,69.6667,76.6667,73.3333,70.6667,71.5
Bettendorf,83,81,82,77,77,85,78,67,4332,3,0,0,1,43232.6,3.91,80,78.6667,78,82,79.6667,72.5
Cedar Falls,77,83,81,73,75,80,79,82,4241,3,0,0,1,39491,12.88,75,79,81,80.3333,76,80.5
Johnston,87,85,87,83,81,75,84,78,4163,3,0,0,1,32586.9,6.45,85,83.3333,80,86.3333,79.6667,81
Mason City,68,75,80,63,66,80,87,90,4077,3,0,0,1,38219.7,12.48,65.5,76,83.3333,74.3333,69.6667,88.5
Fort Dodge,63,62,68,64,58,60,61,64,3916,3,0,0,1,36004.6,13.61,63.5,60.3333,64,64.3333,60.6667,62.5
Urbandale,87,87,84,79,73,80,78,90,3479,3,0,0,1,36046.3,10.56,83,79.3333,84.6667,86,77.3333,84
Newton,68,77,74,68,72,75,52,57,3437,3,0,0,1,37431.2,11.56,68,67,68.6667,73,71.6667,54.5
College,71,69,72,68,63,65,71,88,3297,3,0,0,1,39688.7,10.18,69.5,67.6667,75,70.6667,65.3333,79.5
Indianola,77,88,81,75,86,74,75,65,3156,3,0,0,1,36796.1,12.45,76,83,73.3333,82,78.3333,70
Pleasant Valley,85,85,86,80,83,67,85,83,3056,3,0,0,1,40102.7,11.75,82.5,84.3333,78.6667,85.3333,76.6667,84
North Polk,79,76,82,68,83,87,89,76,2916,3,0,0,1,38610,14.62,73.5,82.6667,81.6667,79,79.3333,82.5
Lewis Central,58,73,87,54,66,83,63,84,2709,3,0,0,1,38416.3,13.95,56,67.3333,84.6667,72.6667,67.6667,73.5
Western Dubuque,77,85,86,62,72,83,79,87,2670,3,0,0,1,38543.6,17.7,69.5,78.6667,85.3333,82.6667,72.3333,83
Osage,79,75,81,78,84,85,85,84,2642,3,0,0,1,38612.1,13.69,78.5,81.3333,83.3333,78.3333,82.3333,84.5
Fort Madison,71,74,84,70,65,67,72,51,2385,3,0,0,1,35398.5,13.33,70.5,70.3333,67.3333,76.3333,67.3333,61.5
Waukee,66,71,86,75,77,81,73,92,2353,3,0,0,1,32322.8,6.99,70.5,73.6667,86.3333,74.3333,77.6667,82.5
Boone,68,76,79,65,67,66,71,70,2237,3,0,0,1,36725.8,11.43,66.5,71.3333,71.6667,74.3333,66,70.5
Le Mars,83,82,81,84,76,72,80,77,2196,3,0,0,1,37087.9,11.51,83.5,79.3333,76.6667,82,77.3333,78.5
Keokuk,59,61,80,54,61,73,45,90,2156,3,0,0,1,39425.8,13.63,56.5,55.6667,81,66.6667,62.6667,67.5
Spencer,80,88,85,74,77,80,71,55,2118,3,0,0,1,37628.6,12.62,77,78.6667,73.3333,84.3333,77,63
Knoxville,67,62,82,64,62,73,*,*,2101,3,0,0,1,35078.6,12.18,65.5,*,*,70.3333,66.3333,*
Pella,88,89,84,83,81,78,88,77,2084,3,0,0,1,38122.4,14.16,85.5,86,79.6667,87,80.6667,82.5
Mount Pleasant,60,70,88,68,67,87,66,82,2060,3,0,0,1,40651.5,15.23,64,67.6667,85.6667,72.6667,74,74
Northwood-Kensett,76,79,87,49,77,73,77,78,2042,3,0,0,1,33065.3,10.44,62.5,77.6667,79.3333,80.6667,66.3333,77.5
Fairfield,78,89,82,78,83,85,85,95,1997,2,0,1,0,34181.8,12.14,78,85.6667,87.3333,83,82,90
Waverly-Shell Rock,91,85,81,80,76,73,91,83,1937,2,0,1,0,38481.4,15.83,85.5,84,79,85.6667,76.3333,87
Glenwood,74,77,70,73,75,76,76,64,1915,2,0,1,0,34618.1,9.58,73.5,76,70,73.6667,74.6667,70
Storm Lake,58,70,79,57,58,71,67,84,1886,2,0,1,0,36615.4,9.19,57.5,65,78,69,62,75.5
West Delaware County,65,78,74,67,77,72,81,81,1885,2,0,1,0,36459.1,11.76,66,78.6667,75.6667,72.3333,72,81
Marion Independent,80,*,80,78,76,77,82,79,1814,2,0,1,0,35080.9,9.63,79,*,78.6667,*,77,80.5
Vinton-Shellsburg,76,81,70,61,73,67,79,79,1779,2,0,1,0,34874.3,11.18,68.5,77.6667,72,75.6667,67,79
Grinnell-Newburg,*,78,91,73,80,92,81,94,1775,2,0,1,0,32485,12.3,*,79.6667,92.3333,*,81.6667,87.5
Carroll,70,76,79,65,67,60,75,71,1772,2,0,1,0,37041,12.23,67.5,72.6667,70,75,64,73
Perry,50,66,87,54,66,74,87,69,1732,2,0,1,0,34620.1,12.22,52,73,76.6667,67.6667,64.6667,78
Denison,50,63,79,51,66,76,66,60,1684,2,0,1,0,37490.9,12.7,50.5,65,71.6667,64,64.3333,63
Charles City,72,77,75,70,73,63,68,58,1683,2,0,1,0,36954.8,13.8,71,72.6667,65.3333,74.6667,68.6667,63
Harlan,77,80,85,81,73,75,73,83,1662,2,0,1,0,38454.5,12.79,79,75.3333,81,80.6667,76.3333,78
Winterset,71,75,82,73,73,80,81,80,1660,2,0,1,0,36267.5,13.15,72,76.3333,80.6667,76,75.3333,80.5
Centerville,70,63,73,60,57,72,64,74,1651,2,0,1,0,34735.7,13.16,65,61.3333,73,68.6667,63,69
Washington,88,64,97,80,70,94,71,93,1648,2,0,1,0,35552.8,12.78,84,68.3333,94.6667,83,81.3333,82
Decorah,82,93,87,73,82,83,*,*,1637,2,0,1,0,41148.7,15.44,77.5,*,*,87.3333,79.3333,*
Webster City,80,85,79,76,74,70,82,78,1635,2,0,1,0,35432.8,13.33,78,80.3333,75.6667,81.3333,73.3333,80
Atlantic,75,74,75,68,70,66,*,*,1625,2,0,1,0,36912.2,13.16,71.5,*,*,74.6667,68,*
Benton,81,82,72,79,70,76,76,78,1611,2,0,1,0,34036.6,11.94,80,76,75.3333,78.3333,75,77
Central Clinton,83,78,75,83,80,71,80,69,1596,2,0,1,0,33061,10.89,83,79.3333,71.6667,78.6667,78,74.5
Nevada,76,74,74,78,74,80,78,81,1585,2,0,1,0,36208.4,11.69,77,75.3333,78.3333,74.6667,77.3333,79.5
South Tama County,59,62,57,57,55,52,61,54,1578,2,0,1,0,32777.1,14.45,58,59.3333,54.3333,59.3333,54.6667,57.5
Independence,69,71,79,58,68,77,70,80,1543,2,0,1,0,37488.4,12.28,63.5,69.6667,78.6667,73,67.6667,75
Creston,70,67,83,57,66,77,*,*,1539,2,0,1,0,35442.7,14.07,63.5,*,*,73.3333,66.6667,*
Howard-Winneshiek,81,72,87,68,63,70,86,82,1521,2,0,1,0,34326,11.24,74.5,73.6667,79.6667,80,67,84
Maquoketa,50,72,72,48,71,69,74,73,1516,2,0,1,0,34817.5,14.57,49,72.3333,71.3333,64.6667,62.6667,73.5
Odebolt-Arthur,78,91,82,73,80,74,86,72,1496,2,0,1,0,37917,15.98,75.5,85.6667,76,83.6667,75.6667,79
Adel-DeSoto-Minburn,76,82,83,79,77,82,82,84,1494,2,0,1,0,34845.1,12.44,77.5,80.3333,83,80.3333,79.3333,83
Allamakee,72,77,72,59,72,69,76,76,1479,2,0,1,0,35761.8,13.15,65.5,75,72.3333,73.6667,66.6667,76
Clear Lake,69,80,71,62,78,70,77,81,1474,2,0,1,0,32757.1,10.81,65.5,78.3333,74,73.3333,70,79
Dallas Center-Grimes,80,82,85,79,72,81,82,89,1473,2,0,1,0,34019.5,8.25,79.5,78.6667,85,82.3333,77.3333,85.5
Clarke,59,70,73,61,64,70,65,78,1472,2,0,1,0,32944.1,12.63,60,66.3333,73.6667,67.3333,65,71.5
Estherville Lincoln,64,57,83,69,54,80,42,67,1456,2,0,1,0,35680.8,12.11,66.5,51,76.6667,68,67.6667,54.5
Forest City,67,80,84,67,69,74,80,*,1402,2,0,1,0,35389.4,13.29,67,76.3333,*,77,70,*
Saydel,49,64,67,53,57,62,61,71,1366,2,0,1,0,33463.3,7.94,51,60.6667,66.6667,60,57.3333,66
MOC-Floyd Valley,85,71,71,89,73,75,54,56,1349,2,0,1,0,35738.3,10.25,87,66,67.3333,75.6667,79,55
Chariton,71,76,78,68,63,78,*,*,1339,2,0,1,0,34284.1,11.86,69.5,*,*,75,69.6667,*
Algo,83,77,83,76,70,76,67,76,1322,2,0,1,0,39830.2,14.64,79.5,71.3333,78.3333,81,74,71.5
Spirit Lake,80,85,83,71,75,67,61,64,1309,2,0,1,0,36754.8,11.33,75.5,73.6667,71.3333,82.6667,71,62.5
Ballard,87,84,82,78,76,76,72,87,1287,2,0,1,0,36978.4,13.66,82.5,77.3333,81.6667,84.3333,76.6667,79.5
Amosa,71,77,86,68,64,74,69,78,1269,2,0,1,0,35092.3,10.93,69.5,70,79.3333,78,68.6667,73.5
Red Oak,73,75,54,62,62,53,62,61,1268,2,0,1,0,34985.7,13.36,67.5,66.3333,56,67.3333,59,61.5
Hampton-Dumont,62,76,82,71,69,70,65,76,1236,2,0,1,0,34658.3,11.14,66.5,70,76,73.3333,70,70.5
Davis County,68,71,79,62,65,66,65,91,1228,2,0,1,0,30051.4,16.34,65,67,78.6667,72.6667,64.3333,78
Union,73,75,93,77,66,82,75,83,1225,2,0,1,0,32426.8,11.13,75,72,86,80.3333,75,79
Albia,67,85,76,68,82,86,73,60,1224,2,0,1,0,34333.9,12.58,67.5,80,74,76,78.6667,66.5
Sergeant Bluff-Luton,69,85,76,69,79,64,*,*,1222,2,0,1,0,39927.1,12.36,69,*,*,76.6667,70.6667,*
Clarinda Community,67,74,76,62,74,65,90,79,1218,2,0,1,0,31526.4,11.58,64.5,79.3333,73.3333,72.3333,67,84.5
Clear Creek-Ama,67,75,75,64,72,90,*,*,1215,2,0,1,0,31307.5,10.76,65.5,*,*,72.3333,75.3333,*
New Hampton,87,82,88,75,80,86,86,90,1196,2,0,1,0,35988.1,14.89,81,82.6667,88,85.6667,80.3333,88
Cherokee,76,82,77,62,67,75,82,83,1181,2,0,1,0,34256.7,12.19,69,77,78.3333,78.3333,68,82.5
Midland,69,64,67,59,69,52,*,*,1178,2,0,1,0,33951.7,10.62,64,*,*,66.6667,60,*
Carlisle,71,77,45,69,79,56,87,50,1159,2,0,1,0,34301.6,12.84,70,81,50.3333,64.3333,68,68.5
Mount Vernon,76,83,84,76,88,88,84,86,1154,2,0,1,0,36800.8,15.72,76,85,86,81,84,85
Roland-Story,69,89,91,71,74,80,*,*,1142,2,0,1,0,39870,12.3,70,*,*,83,75,*
North Central,83,84,69,68,73,67,*,*,1135,2,0,1,0,35836.9,12.88,75.5,*,*,78.6667,69.3333,*
West Liberty,60,66,61,52,53,54,71,54,1129,2,0,1,0,33920.9,11.59,56,63.3333,56.3333,62.3333,53,62.5
Iowa Falls,59,64,84,57,65,71,62,78,1128,2,0,1,0,40136.1,19.27,58,63.6667,77.6667,69,64.3333,70
Center Point-Urba,48,75,88,64,63,90,64,89,1117,2,0,1,0,31975.8,9.59,56,67.3333,89,70.3333,72.3333,76.5
Central Lee,63,70,72,63,63,60,79,70,1110,2,0,1,0,37713.8,14.53,63,70.6667,67.3333,68.3333,62,74.5
Monticello,69,83,93,69,69,95,*,*,1061,2,0,1,0,33359.8,11.97,69,*,*,81.6667,77.6667,*
Sheldon,82,88,77,74,82,69,78,80,1057,2,0,1,0,38202,11.77,78,82.6667,75.3333,82.3333,75,79
Columbus,31,54,94,42,53,68,*,*,1051,2,0,1,0,35232.1,9.84,36.5,*,*,59.6667,54.3333,*
Williamsburg,80,88,88,73,73,77,*,*,1042,2,0,1,0,33518.3,10.79,76.5,*,*,85.3333,74.3333,*
Solon,85,83,96,79,79,98,73,*,1039,2,0,1,0,34275.5,10.52,82,78.3333,*,88,85.3333,*
PCM,88,76,78,78,71,66,89,72,1034,2,0,1,0,32154.5,12.1,83,78.6667,72,80.6667,71.6667,80.5
Shendoah,76,70,77,66,66,78,85,97,1028,2,0,1,0,34442.6,13.67,71,73.6667,84,74.3333,70,91
Maquoketa Valley,84,86,78,82,80,82,89,93,974,1,1,0,0,36792,15.06,83,85,84.3333,82.6667,81.3333,91
Wilton,65,65,78,60,69,74,60,76,962,1,1,0,0,33031.5,12.81,62.5,64.6667,76,69.3333,67.6667,68
Gilbert,86,88,86,80,86,87,78,86,947,1,1,0,0,37073,11.09,83,84,86.3333,86.6667,84.3333,82
Louisa-Muscatine,63,60,*,67,60,*,68,*,944,1,1,0,0,34071.4,12.03,65,62.6667,*,*,*,*
Missouri Valley,64,64,81,64,64,78,*,*,944,1,1,0,0,35154.2,16.34,64,*,*,69.6667,68.6667,*
Camanche,69,60,78,54,63,64,*,*,939,1,1,0,0,37067.8,15.91,61.5,*,*,69,60.3333,*
Clarion-Goldfield,82,69,82,74,68,74,79,79,936,1,1,0,0,34592.9,11.47,78,72,78.3333,77.6667,72,79
Mediapolis,83,79,82,59,89,62,84,53,930,1,1,0,0,32022,13.33,71,84,65.6667,81.3333,70,68.5
Bondurant-Farrar,78,82,80,73,74,70,80,78,925,1,1,0,0,32692.9,11.36,75.5,78.6667,76,80,72.3333,79
Nora Springs-Rock Falls,59,86,85,56,69,80,74,74,922,1,1,0,0,32155.7,11.99,57.5,76.3333,79.6667,76.6667,68.3333,74
Sioux Center,88,100,88,85,100,87,*,*,922,1,1,0,0,41655.8,11.82,86.5,*,*,92,90.6667,*
Sibley-Ocheyedan,61,77,86,68,85,73,78,78,920,1,1,0,0,37336,14.87,64.5,80,79,74.6667,75.3333,78
Hudson,76,77,89,76,67,78,54,58,918,1,1,0,0,41805.1,11.63,76,66,75,80.6667,73.6667,56
Eagle Grove,67,64,71,67,68,72,75,74,917,1,1,0,0,32535.4,12.67,67,69,72.3333,67.3333,69,74.5
North Mahaska,81,75,88,74,64,72,*,*,909,1,1,0,0,33335.9,11.28,77.5,*,*,81.3333,70,*
Ogden,67,73,75,69,68,48,79,53,909,1,1,0,0,36131.2,11.98,68,73.3333,58.6667,71.6667,61.6667,66
Starmont,64,82,80,53,69,68,89,39,902,1,1,0,0,34108,13.73,58.5,80,62.3333,75.3333,63.3333,64
Colfax-Mingo,60,77,64,66,80,67,78,76,897,1,1,0,0,33341.8,10.14,63,78.3333,69,67,71,77
Garner-Hayfield,74,86,85,67,77,84,84,91,878,1,1,0,0,34234.6,13,70.5,82.3333,86.6667,81.6667,76,87.5
East Marshall,54,63,74,69,66,68,62,*,877,1,1,0,0,31545.9,11.17,61.5,63.6667,*,63.6667,67.6667,*
Hartley-Melvin-Sanborn,75,76,88,68,64,71,79,80,875,1,1,0,0,33424.2,9.66,71.5,73,79.6667,79.6667,67.6667,79.5
Tipton,79,77,84,80,68,65,*,78,874,1,1,0,0,31684.5,10.62,79.5,*,75.6667,80,71,*
Eddyville-Blakesburg,80,77,81,76,68,81,64,85,872,1,1,0,0,31681,9.39,78,69.6667,82.3333,79.3333,75,74.5
Manson Northwest Webster,79,76,76,85,70,58,54,30,872,1,1,0,0,30246.2,10.78,82,66.6667,54.6667,77,71,42
West Branch,73,56,72,64,62,64,65,72,840,1,1,0,0,32090.7,8.82,68.5,61,69.3333,67,63.3333,68.5
Belmond-Klemme,54,80,79,50,75,72,84,69,839,1,1,0,0,35296.7,11.14,52,79.6667,73.3333,71,65.6667,76.5
Battle Creek-Ida Grove,80,86,90,78,70,74,*,*,836,1,1,0,0,34476.8,14.94,79,*,*,85.3333,74,*
Prairie Valley,84,67,68,77,62,79,88,79,832,1,1,0,0,33587.8,11.78,80.5,72.3333,75.3333,73,72.6667,83.5
West Marshall,76,77,86,72,69,65,62,76,825,1,1,0,0,31108.5,9.4,74,69.3333,75.6667,79.6667,68.6667,69
shua-Plainfield,78,79,78,57,73,67,75,67,823,1,1,0,0,36215.6,15.77,67.5,75.6667,70.6667,78.3333,65.6667,71
Jesup,73,66,81,72,57,73,81,80,822,1,1,0,0,36710.3,13.81,72.5,68,78,73.3333,67.3333,80.5
Gladbrook-Reinbeck,88,83,88,82,72,73,87,78,805,1,1,0,0,33519.1,13.07,85,80.6667,79.6667,86.3333,75.6667,82.5
South O'Brien Community,91,70,75,67,72,68,89,94,799,1,1,0,0,35804.4,12.57,79,77,79,78.6667,69,91.5
West Lyon,85,84,94,86,76,90,89,91,797,1,1,0,0,34354.7,14.02,85.5,83,91.6667,87.6667,84,90
Mount Ayr,81,69,74,79,55,77,58,73,795,1,1,0,0,33945.1,11.36,80,60.6667,74.6667,74.6667,70.3333,65.5
Oelwein,73,58,79,57,56,81,61,90,792,1,1,0,0,31297.7,9.98,65,58.3333,83.3333,70,64.6667,75.5
Audubon,85,85,93,77,80,83,83,78,791,1,1,0,0,33791.2,13.57,81,82.6667,84.6667,87.6667,80,80.5
Emmetsburg,78,76,73,68,75,78,69,84,781,1,1,0,0,34912,13.47,73,73.3333,78.3333,75.6667,73.6667,76.5
Pocahontas Area,82,82,90,70,69,84,84,81,773,1,1,0,0,34417.2,14.37,76,78.3333,85,84.6667,74.3333,82.5
Northeast,84,75,84,72,70,86,60,90,769,1,1,0,0,30452.6,8.68,78,68.3333,86.6667,81,76,75
Dike-New Hartford,79,83,90,62,66,86,91,*,759,1,1,0,0,34770.8,12.43,70.5,80,*,84,71.3333,*
Denver,84,90,87,81,77,73,82,78,755,1,1,0,0,34904.9,13.44,82.5,83,79.3333,87,77,80
Grundy Center,91,100,91,70,91,82,90,78,754,1,1,0,0,33772.5,13.33,80.5,93.6667,83.6667,94,81,84
St Ansgar,89,86,87,72,83,89,*,*,754,1,1,0,0,38510.2,14.8,80.5,*,*,87.3333,81.3333,*
Ottumwa,64,64,72,54,61,62,52,67,753,1,1,0,0,30648.8,12.51,59,59,67,66.6667,59,59.5
Tri-Center,80,81,91,85,64,86,86,93,751,1,1,0,0,32684.4,11.15,82.5,77,90,84,78.3333,89.5
West Burlington Ind,56,56,73,81,*,60,67,67,748,1,1,0,0,32554.4,9.71,68.5,*,66.6667,61.6667,*,67
Wapello,64,57,66,59,56,44,*,*,744,1,1,0,0,32999.8,12.18,61.5,*,*,62.3333,53,*
West Sioux,77,74,81,69,72,69,75,86,741,1,1,0,0,32086.8,10.58,73,73.6667,78.6667,77.3333,70,80.5
Pekin,86,63,82,66,66,54,62,67,740,1,1,0,0,33455.3,11.12,76,63.6667,67.6667,77,62,64.5
South Hamilton,85,68,72,77,60,71,55,52,740,1,1,0,0,35973.8,13.03,81,61,65,75,69.3333,53.5
Belle Plaine,47,72,81,60,60,71,85,72,739,1,1,0,0,32561.1,10.69,53.5,72.3333,74.6667,66.6667,63.6667,78.5
Sigourney,61,73,58,56,68,48,68,68,737,1,1,0,0,29124.5,8.09,58.5,69.6667,58,64,57.3333,68
Eldora-New Providence,64,74,78,61,75,63,*,*,730,1,1,0,0,33501.4,11.05,62.5,*,*,72,66.3333,*
Riverside,65,76,82,57,76,76,71,80,730,1,1,0,0,32080.3,12.27,61,74.3333,79.3333,74.3333,69.6667,75.5
Lake Mills,60,87,72,67,69,85,84,86,726,1,1,0,0,35724.2,14.7,63.5,80,81,73,73.6667,85
Mid-Prairie,69,81,76,64,78,79,*,*,726,1,1,0,0,30050.5,8.84,66.5,*,*,75.3333,73.6667,*
Westwood,62,83,71,77,74,71,67,74,724,1,1,0,0,32526.4,12.42,69.5,74.6667,72,72,74,70.5
Underwood,74,76,84,81,80,76,*,*,714,1,1,0,0,32736.8,9.35,77.5,*,*,78,79,*
Interstate 35,77,78,70,63,75,60,85,42,713,1,1,0,0,30321.8,10.95,70,79.3333,57.3333,75,66,63.5
Logan-Magnolia,82,90,54,70,78,79,82,84,709,1,1,0,0,31696.4,9.78,76,83.3333,72.3333,75.3333,75.6667,83
West Hancock,71,74,89,64,69,76,60,92,704,1,1,0,0,32867.5,11.89,67.5,67.6667,85.6667,78,69.6667,76
Central Decatur,74,69,78,58,67,61,70,66,698,1,1,0,0,29736.6,12.27,66,68.6667,68.3333,73.6667,62,68
North Winneshiek,91,77,53,74,58,50,77,54,695,1,1,0,0,33147.4,13.14,82.5,70.6667,52.3333,73.6667,60.6667,65.5
Pleasantville,75,67,83,64,67,77,64,90,693,1,1,0,0,33391.4,14.73,69.5,66,83.3333,75,69.3333,77
BCLUW,76,86,81,64,70,83,66,85,691,1,1,0,0,33475.9,10.15,70,74,83,81,72.3333,75.5
Griswold,55,84,60,64,76,47,*,*,691,1,1,0,0,32339.3,12.02,59.5,*,*,66.3333,62.3333,*
Durant,62,75,87,57,71,82,87,74,689,1,1,0,0,31194.6,12.81,59.5,77.6667,81,74.6667,70,80.5
Akron Westfield,72,75,81,69,71,76,*,*,684,1,1,0,0,31813.8,12.07,70.5,*,*,76,72,*
Wapsie Valley,77,85,77,63,66,56,67,73,683,1,1,0,0,32960.2,15.41,70,72.6667,68.6667,79.6667,61.6667,70
South Winneshiek,83,83,80,62,79,64,83,82,674,1,1,0,0,34778.8,15.2,72.5,81.6667,75.3333,82,68.3333,82.5
Southern Cal,48,80,80,74,55,83,*,*,670,1,1,0,0,30921.5,9.87,61,*,*,69.3333,70.6667,*
Central Lyon,81,85,88,85,69,82,85,74,662,1,1,0,0,35775.7,16.39,83,79.6667,81.3333,84.6667,78.6667,79.5
Central,67,69,72,65,78,88,80,68,660,1,1,0,0,37654.5,19.34,66,75.6667,76,69.3333,77,74
Woodbury Central,87,85,78,81,75,63,57,94,659,1,1,0,0,34020.8,12.58,84,72.3333,78.3333,83.3333,73,75.5
Sumner,83,88,88,72,67,87,86,94,658,1,1,0,0,37534.1,19.79,77.5,80.3333,89.6667,86.3333,75.3333,90
Van Buren,80,78,87,57,76,87,74,97,657,1,1,0,0,30876.8,11.67,68.5,76,90.3333,81.6667,73.3333,85.5
Corning,59,80,52,50,82,38,81,46,648,1,1,0,0,33004.2,12.71,54.5,81,45.3333,63.6667,56.6667,63.5
Rudd-Rockford-Marble Rk,76,78,83,81,87,74,74,81,647,1,1,0,0,33544.4,13.77,78.5,79.6667,79.3333,79,80.6667,77.5
Iowa Valley,83,78,75,76,69,65,78,70,646,1,1,0,0,33841.7,10.37,79.5,75,70,78.6667,70,74
Bedford,63,82,79,51,73,70,78,82,643,1,1,0,0,31067.5,12.24,57,77.6667,77,74.6667,64.6667,80
Bellevue,85,68,78,80,62,53,77,62,643,1,1,0,0,34935.8,16.22,82.5,69,64.3333,77,65,69.5
Brooklyn-Guernsey-Malcom,86,80,63,71,74,59,90,65,640,1,1,0,0,29568.5,9.85,78.5,81.3333,62.3333,76.3333,68,77.5
A-H-S-T,81,79,80,66,81,71,72,79,637,1,1,0,0,31806.3,12.64,73.5,77.3333,76.6667,80,72.6667,75.5
Edgewood-Colesburg,71,71,48,76,63,50,71,59,625,1,1,0,0,32525.3,13.17,73.5,68.3333,52.3333,63.3333,63,65
Hinton,80,76,82,63,78,70,82,74,624,1,1,0,0,30026.6,12.11,71.5,78.6667,75.3333,79.3333,70.3333,78
Alta,78,74,80,80,*,*,63,88,623,1,1,0,0,31565,11.13,79,*,*,77.3333,*,75.5
Lawton-Bronson,92,91,80,84,87,74,81,75,621,1,1,0,0,32794.9,13.63,88,86.3333,76.3333,87.6667,81.6667,78
Turkey Valley,71,88,87,59,76,90,*,*,621,1,1,0,0,33792.6,15.16,65,*,*,82,75,*
Alburnett,70,87,83,70,80,65,80,63,620,1,1,0,0,33223.1,13.66,70,82.3333,70.3333,80,71.6667,71.5
Wall Lake View Auburn,95,90,83,71,78,83,*,*,617,1,1,0,0,30769,13.78,83,*,*,89.3333,77.3333,*
Montezuma,86,69,68,61,67,56,53,58,611,1,1,0,0,31013.5,10.63,73.5,63,60.6667,74.3333,61.3333,55.5
Highland,49,76,74,39,55,74,*,*,609,1,1,0,0,31432.1,7.35,44,*,*,66.3333,56,*
Lisbon,77,67,85,64,60,79,80,*,598,1,1,0,0,34864.7,14.24,70.5,69,*,76.3333,67.6667,*
Valley,70,86,68,44,67,52,80,60,597,1,1,0,0,31656.5,7.32,57,77.6667,60,74.6667,54.3333,70
Woodward-Granger,76,77,75,67,70,67,72,61,597,1,1,0,0,31804.9,9.48,71.5,73,67.6667,76,68,66.5
Madrid,85,85,73,72,79,67,68,62,596,1,1,0,0,33343.3,15.32,78.5,77.3333,67.3333,81,72.6667,65
Marcus-Meriden-Cleghorn,79,86,96,70,81,92,81,85,594,1,1,0,0,32676.1,13.02,74.5,82.6667,91,87,81,83
Rockwell City-Lytton,83,86,74,77,86,79,*,*,580,1,1,0,0,28933.8,11.33,80,*,*,81,80.6667,*
Boyer Valley,61,76,71,63,70,65,72,55,576,1,1,0,0,28329,7.04,62,72.6667,63.6667,69.3333,66,63.5
East Buchan,70,82,79,59,76,67,80,65,576,1,1,0,0,32845.5,16.03,64.5,79.3333,70.3333,77,67.3333,72.5
Treynor,87,91,93,96,95,93,93,100,575,1,1,0,0,33120,13.27,91.5,93,95.3333,90.3333,94.6667,96.5
Southeast Warren,70,85,86,59,73,51,66,40,569,1,1,0,0,29679.9,8.86,64.5,74.6667,59,80.3333,61,53
North Fayette,81,77,86,74,76,69,76,71,567,1,1,0,0,30590.2,14.57,77.5,76.3333,75.3333,81.3333,73,73.5
New London,66,68,86,64,51,64,61,30,566,1,1,0,0,30956.4,12.64,65,60,60,73.3333,59.6667,45.5
Waco,69,71,87,69,53,89,71,87,562,1,1,0,0,32721.4,11.41,69,65,87.6667,75.6667,70.3333,79
Boyden-Hull,71,67,79,79,55,81,70,84,556,1,1,0,0,34900.8,13.06,75,64,81.3333,72.3333,71.6667,77
Manning,82,89,71,74,86,77,88,78,556,1,1,0,0,33926.8,12.03,78,87.6667,75.3333,80.6667,79,83
Maple Valley,92,94,83,94,97,90,95,84,555,1,1,0,0,30132.7,10.24,93,95.3333,85.6667,89.6667,93.6667,89.5
Woodbine,69,68,83,53,70,68,78,76,551,1,1,0,0,30269.8,9.54,61,72,75.6667,73.3333,63.6667,77
Rock Valley,85,89,79,72,84,64,86,55,550,1,1,0,0,33266.7,15.11,78.5,86.3333,66,84.3333,73.3333,70.5
Galva-Holstein,96,80,97,88,77,78,69,75,546,1,1,0,0,32284.6,10.02,92,75.3333,83.3333,91,81,72
Danville,80,82,91,73,77,91,93,*,540,1,1,0,0,34943.5,13.24,76.5,84,*,84.3333,80.3333,*
Guthrie Center,85,93,91,85,81,86,94,88,540,1,1,0,0,31361.8,11.03,85,89.3333,88.3333,89.6667,84,91
Sioux Central,77,67,85,74,73,84,*,*,538,1,1,0,0,29569.8,12.65,75.5,*,*,76.3333,77,*
Calamus-Wheatland,68,73,88,68,59,79,57,73,537,1,1,0,0,31288.6,11.2,68,63,80,76.3333,68.6667,65
Southeast Webster,65,61,76,60,48,39,54,37,535,1,1,0,0,30710,10.89,62.5,54.3333,50.6667,67.3333,49,45.5
Lynnville-Sully,76,80,90,73,76,90,75,85,533,1,1,0,0,31516.6,12.47,74.5,77,88.3333,82,79.6667,80
North Scott,87,78,77,86,70,72,65,65,531,1,1,0,0,32973.7,11.05,86.5,71,71.3333,80.6667,76,65
Coon Rapids-Bayard,78,74,76,78,74,76,84,83,528,1,1,0,0,31030.3,11.73,78,77.3333,78.3333,76,76,83.5
East Union,67,65,84,73,53,48,67,47,525,1,1,0,0,28201.7,9.2,70,61.6667,59.6667,72,58,57
Collins-Maxwell,62,68,*,69,72,*,88,87,520,1,1,0,0,29677.4,8.07,65.5,76,*,*,*,87.5
Harmony,62,81,85,69,78,88,*,*,517,1,1,0,0,29395,9.5,65.5,*,*,76,78.3333,*
Twin Cedars,74,80,73,81,74,71,85,70,517,1,1,0,0,30070.8,11.79,77.5,79.6667,71.3333,75.6667,75.3333,77.5
River Valley,82,87,85,77,72,68,77,83,513,1,1,0,0,29228.2,11.59,79.5,78.6667,78.6667,84.6667,72.3333,80
Guttenberg,83,71,87,71,71,84,*,*,511,1,1,0,0,33004.3,13.38,77,*,*,80.3333,75.3333,*
Dunkerton,66,69,78,60,73,75,71,83,509,1,1,0,0,30847.7,10.83,63,71,78.6667,71,69.3333,77
Kingsley-Pierson,86,87,87,80,73,83,73,85,507,1,1,0,0,40151.4,12.31,83,77.6667,85,86.6667,78.6667,79
Van Meter,84,85,86,80,79,86,77,76,507,1,1,0,0,32634.1,11.47,82,80.3333,82.6667,85,81.6667,76.5
Ackley-Geneva,75,71,65,80,73,79,76,80,506,1,1,0,0,32222.7,8.7,77.5,73.3333,74.6667,70.3333,77.3333,78
Eastern Allamakee,83,70,77,63,63,65,75,67,505,1,1,0,0,29120.6,8.53,73,69.3333,69.6667,76.6667,63.6667,71
Hubbard-Radcliffe,77,80,93,77,71,78,71,73,502,1,1,0,0,32279.5,8.78,77,74,81.3333,83.3333,75.3333,72
Martensdale-St Marys,72,86,80,68,74,74,95,75,502,1,1,0,0,29010.2,8.93,70,85,76.3333,79.3333,72,85
English Valleys,66,70,66,55,51,68,*,*,500,1,1,0,0,32770.4,12.19,60.5,*,*,67.3333,58,*
Northeast Hamilton,90,81,67,68,65,81,88,83,498,1,1,0,0,34294,10.62,79,78,77,79.3333,71.3333,85.5
Schaller-Crestland,70,86,64,64,83,83,88,*,498,1,1,0,0,32042.2,9.87,67,85.6667,*,73.3333,76.6667,*
Tripoli,75,92,96,88,79,82,95,100,497,1,1,0,0,36631,18.13,81.5,88.6667,92.6667,87.6667,83,97.5
West Harrison,65,67,71,58,63,70,66,68,490,1,1,0,0,31995,12.53,61.5,65.3333,69.6667,67.6667,63.6667,67
Panorama,88,76,79,83,71,69,67,49,487,1,1,0,0,33488.7,11.19,85.5,71.3333,65.6667,81,74.3333,58
Laurens-Marathon,81,95,83,70,72,89,92,63,485,1,1,0,0,33738.1,13.44,75.5,86.3333,78.3333,86.3333,77,77.5
Central City,61,75,59,66,75,62,93,59,483,1,1,0,0,28446.4,6.65,63.5,81,60,65,67.6667,76
Newell-Fonda,70,75,74,69,62,59,79,61,469,1,1,0,0,30849.6,11.5,69.5,72,64.6667,73,63.3333,70
Fremont-Mills,60,80,67,60,68,60,68,81,468,1,1,0,0,34407.6,19.48,60,72,69.3333,69,62.6667,74.5
Lone Tree,79,69,74,62,72,79,72,85,467,1,1,0,0,29398.3,7.24,70.5,71,79.3333,74,71,78.5
Ar-We-Va,89,75,91,82,75,77,75,84,456,1,1,0,0,32824.4,12.33,85.5,75,84,85,78,79.5
Springville,75,72,73,64,61,58,*,*,449,1,1,0,0,29637.2,11.82,69.5,*,*,73.3333,61,*
Riceville,75,75,74,67,87,55,85,72,447,1,1,0,0,31937.9,14.05,71,82.3333,67,74.6667,69.6667,78.5
IKM,85,91,86,82,76,77,92,84,445,1,1,0,0,32115.2,11.66,83.5,86.3333,82.3333,87.3333,78.3333,88
East Central,90,64,76,77,67,70,64,73,439,1,1,0,0,31990.3,10.21,83.5,65,73,76.6667,71.3333,68.5
Villisca,81,73,90,62,70,75,67,83,439,1,1,0,0,32117.8,13.75,71.5,70,82.6667,81.3333,69,75
West Bend-Mallard,87,83,84,54,63,76,56,61,438,1,1,0,0,29393.8,8.38,70.5,67.3333,73.6667,84.6667,64.3333,58.5
H-L-V,74,66,72,71,63,68,82,68,435,1,1,0,0,35784.7,20.6,72.5,70.3333,69.3333,70.6667,67.3333,75
Norwalk,77,77,73,72,72,66,68,72,434,1,1,0,0,31543.6,14.56,74.5,72.3333,70.3333,75.6667,70,70
East Greene,42,74,71,45,55,55,74,53,430,1,1,0,0,32498.3,9.88,43.5,67.6667,59.6667,62.3333,51.6667,63.5
Greene,94,69,92,82,77,73,85,81,429,1,1,0,0,32719.7,11.51,88,77,82,85,77.3333,83
Rockwell-Swaledale,63,64,71,56,67,68,59,61,428,1,1,0,0,30260.6,10.41,59.5,63.3333,66.6667,66,63.6667,60
Melcher-Dallas,45,50,90,39,38,74,*,*,427,1,1,0,0,31025.2,10.28,42,*,*,61.6667,50.3333,*
Sidney,62,77,84,47,69,87,57,72,426,1,1,0,0,30582.4,11.21,54.5,67.6667,81,74.3333,67.6667,64.5
GMG,88,65,47,88,59,59,61,71,424,1,1,0,0,29645.1,10.95,88,61.6667,59,66.6667,68.6667,66
Armstrong-Ringsted,53,60,62,48,58,60,67,74,421,1,1,0,0,31290,13.21,50.5,61.6667,65.3333,58.3333,55.3333,70.5
Glidden-Ralston,66,88,77,70,86,73,86,83,413,1,1,0,0,32567.6,15.43,68,86.6667,77.6667,77,76.3333,84.5
Remsen-Union,88,86,82,72,77,73,100,91,413,1,1,0,0,28878.6,8.57,80,87.6667,82,85.3333,74,95.5
Seymour,68,64,89,58,73,86,*,*,411,1,1,0,0,28645.5,10.54,63,*,*,73.6667,72.3333,*
Lenox,60,76,78,56,71,69,68,75,407,1,1,0,0,30043.4,10.83,58,71.6667,74,71.3333,65.3333,71.5
Fredericksburg,70,77,93,53,69,86,*,*,406,1,1,0,0,33065,12.23,61.5,*,*,80,69.3333,*
Malvern,70,75,55,63,67,41,64,36,401,1,1,0,0,26426.3,9.33,66.5,68.6667,44,66.6667,57,50
North Iowa,75,76,83,48,67,83,70,71,391,1,1,0,0,31296.7,10.07,61.5,71,79,78,66,70.5
Baxter,89,62,86,78,65,*,73,*,386,1,1,0,0,31234.4,12.38,83.5,66.6667,*,79,*,*
Keota,76,75,78,65,68,55,54,59,386,1,1,0,0,29571.5,11.74,70.5,65.6667,64,76.3333,62.6667,56.5
Adair-Casey,68,72,79,70,62,85,61,82,385,1,1,0,0,29164.7,10.73,69,65,82,73,72.3333,71.5
Clarksville,64,69,86,54,68,72,50,77,384,1,1,0,0,29064.4,9.53,59,62.3333,78.3333,73,64.6667,63.5
Lamoni,80,68,80,60,58,72,78,75,370,1,1,0,0,29373.2,11.29,70,68,75.6667,76,63.3333,76.5
Murray,54,65,42,63,71,48,*,*,366,1,1,0,0,27542.8,6.06,58.5,*,*,53.6667,60.6667,*
Alden,70,73,62,58,50,66,52,79,359,1,1,0,0,29861.6,9.58,64,58.3333,69,68.3333,58,65.5
Moravia,81,61,84,54,55,74,67,79,356,1,1,0,0,30440.4,13.68,67.5,61,79,75.3333,61,73
Aurelia,86,81,70,75,76,82,*,*,355,1,1,0,0,31964,11.81,80.5,*,*,79,77.6667,*
Andrew,86,81,75,57,72,68,95,95,354,1,1,0,0,31109.1,16.63,71.5,82.6667,79.3333,80.6667,65.6667,95
Preston,70,78,96,65,67,74,67,78,354,1,1,0,0,31630.3,14.63,67.5,70.6667,82.6667,81.3333,68.6667,72.5
Allison-Bristow,89,83,79,74,62,59,69,73,350,1,1,0,0,28270.5,8.7,81.5,71.3333,70.3333,83.6667,65,71
Farragut,67,71,77,59,64,73,*,*,346,1,1,0,0,30173.6,10.74,63,*,*,71.6667,65.3333,*
Aplington-Parkersburg,59,81,80,63,76,75,*,*,343,1,1,0,0,37843,14.74,61,*,*,73.3333,71.3333,*
Ventura,77,69,71,68,69,70,69,65,339,1,1,0,0,28254.5,7.94,72.5,69,68.6667,72.3333,69,67
Harris-Lake Park,94,73,95,70,85,90,78,90,338,1,1,0,0,29421.5,7.2,82,78.6667,91.6667,87.3333,81.6667,84
North Tama County,55,83,82,64,73,76,86,76,338,1,1,0,0,31021.7,12.44,59.5,80.6667,78,73.3333,71,81
Elk Horn-Kimballton,55,80,73,55,76,73,86,82,330,1,1,0,0,30159.1,11.96,55,80.6667,76,69.3333,68,84
Stanton,83,88,96,92,85,75,97,87,327,1,1,0,0,33989.6,15.32,87.5,90,86,89,84,92
Charter Oak-Ute,56,86,76,61,64,64,77,70,318,1,1,0,0,28830.2,7.23,58.5,75.6667,70,72.6667,63,73.5
Nish Valley,59,77,*,80,84,*,95,*,318,1,1,0,0,28791.4,13.13,69.5,85.3333,*,*,*,*
Anita,67,80,85,52,75,93,63,*,317,1,1,0,0,28896.3,12.34,59.5,72.6667,*,77.3333,73.3333,*
Olin Consolidated,50,47,72,67,47,33,*,*,317,1,1,0,0,29352.2,9.97,58.5,*,*,56.3333,49,*
Hamburg,55,70,67,73,74,58,96,65,315,1,1,0,0,30396.4,12.62,64,80,63.3333,64,68.3333,80.5
Sheffield-Chapin,59,61,81,59,70,77,69,*,312,1,1,0,0,31983.4,16,59,66.6667,*,67,68.6667,*
George-Little Rock,75,74,74,84,75,85,*,*,309,1,1,0,0,30532.5,9.46,79.5,*,*,74.3333,81.3333,*
Exira,86,70,69,76,65,41,64,28,303,1,1,0,0,29050.4,12.29,81,66.3333,46,75,60.6667,46
Janesville Consolidated,73,73,91,62,61,96,65,83,303,1,1,0,0,32325.5,15.23,67.5,66.3333,90,79,73,74
North-Linn,71,66,85,64,73,53,63,54,301,1,1,0,0,31153.2,10.24,67.5,67.3333,64,74,63.3333,58.5
Pomeroy-Palmer,86,83,77,86,77,70,*,*,298,1,1,0,0,32274.6,13.96,86,*,*,82,77.6667,*
Essex,71,60,74,71,48,78,76,93,295,1,1,0,0,29995,10.52,71,61.3333,81.6667,68.3333,65.6667,84.5
Graettinger,77,67,85,64,60,79,*,*,294,1,1,0,0,27805.5,9.13,70.5,*,*,76.3333,67.6667,*
Mormon Trail,79,73,81,86,54,82,68,80,294,1,1,0,0,25957.6,5.97,82.5,65,81,77.6667,74,74
Moulton-Udell,92,68,79,88,68,79,*,*,294,1,1,0,0,30653.8,13.81,90,*,*,79.6667,78.3333,*
Okoboji,76,71,87,63,71,*,*,*,294,1,1,0,0,28775.2,7.1,69.5,*,*,78,*,*
Walnut,77,80,85,73,77,*,*,*,277,1,1,0,0,29510.8,13.65,75,*,*,80.6667,*,*
Ruthven-Ayrshire,94,56,80,96,48,50,63,67,272,1,1,0,0,29276.8,9.52,95,55.6667,65.6667,76.6667,64.6667,65
Twin Rivers,82,75,80,82,50,68,*,*,247,1,1,0,0,27815,6.7,82,*,*,79,66.6667,*
Bennett,71,75,87,65,75,73,100,86,244,1,1,0,0,27046,6.43,68,83.3333,82,77.6667,71,93
C and M,86,77,70,86,77,55,*,*,244,1,1,0,0,28089.9,13.38,86,*,*,77.6667,72.6667,*
Albert City-Truesdale,71,85,90,71,90,63,*,*,242,1,1,0,0,27282.4,9.25,71,*,*,82,74.6667,*
Whiting,77,86,*,74,93,74,*,*,237,1,1,0,0,30344.1,11.76,75.5,*,*,*,80.3333,*
Garvillo,85,81,83,80,90,78,68,70,217,1,1,0,0,31393.6,13.34,82.5,79.6667,77,83,82.6667,69
Terril,41,45,63,47,64,68,72,69,215,1,1,0,0,30226.4,12.63,44,60.3333,66.6667,49.6667,59.6667,70.5
Paton-Churdan,70,72,88,60,67,82,80,83,199,1,1,0,0,26859.5,6.5,65,73,84.3333,76.6667,69.6667,81.5
Fox Valley,70,57,50,50,57,19,43,44,188,1,1,0,0,25851.7,5.77,60,52.3333,37.6667,59,42,43.5
Titonka Consolidated,52,*,69,69,*,49,*,66,186,1,1,0,0,27616.9,9,60.5,*,61.3333,*,*,*
Schleswig,62,90,*,58,65,*,80,*,175,1,1,0,0,28772.3,13.76,60,78.3333,*,*,*,*
Corwith-Wesley,69.9,57.9,47,63,50.6,87,73,34.5,174,1,1,0,0,26663.4,5.8,66.45,60.5,56.1667,58.2667,66.8667,53.75
Dows,44,68,*,38,68,*,93,*,171,1,1,0,0,27769.6,6.94,41,76.3333,*,*,*,*
Russell,55,*,71,64,*,43,72,58,163,1,1,0,0,26359.1,6.09,59.5,*,57.3333,*,*,65
New Market,57,70,*,64,80,*,80,*,118,1,1,0,0,28965.5,9.69,60.5,76.6667,*,*,*,*
Diagol,60,78,33,60,56,33,67,56,108,1,1,0,0,23889.5,8.09,60,67,40.6667,57,49.6667,61.5
Stuart-Menlo-Dexfield,82,70,72,67,61,59,68,67,105,1,1,0,0,29088.9,6,74.5,66.3333,66,74.6667,62.3333,67.5
East Mono,82,64,*,64,67,*,57,*,99,1,1,0,0,27898.5,8.54,73,62.6667,*,*,*,*
Lineville-Clio,*,57,60,*,64,67,64,80,99,1,1,0,0,23911.7,10.72,*,61.6667,69,*,*,72
