store,week,sp6pk,sp12pk,sp24pk,sc6pk,sc12pk,sc24pk,pp6pk,pp12pk,pp24pk,pc6pk,pc12pk,pc24pk,holiday,holidayind
24,1,936,3600,11232,1224,43344,4032,0.0388,0.0381,0.0229,0.0388,0.0194,0.0277,0,0
24,2,1296,60768,5472,1728,3312,3744,0.0388,0.0208,0.0277,0.0388,0.0381,0.0277,0,0
24,3,13608,7344,12960,10296,4608,4608,0.0276,0.0381,0.0277,0.0274,0.0371,0.0277,0,0
24,4,2232,7920,7776,2232,6480,4320,0.0388,0.0381,0.0277,0.0361,0.0370,0.0277,0,0
24,5,1008,307440,2304,1152,180288,1152,0.0388,0.0173,0.0277,0.0356,0.0173,0.0277,0,0
24,6,1584,8208,8064,2520,6912,5472,0.0388,0.0381,0.0277,0.0364,0.0364,0.0277,0,0
24,7,1224,146304,7488,2376,2160,133920,0.0388,0.0208,0.0277,0.0352,0.0315,0.0208,1,1
24,8,1512,117504,4320,1656,41328,2016,0.0388,0.0208,0.0277,0.0380,0.0208,0.0277,0,0
24,9,1440,38160,5184,1368,19728,2016,0.0360,0.0208,0.0236,0.0338,0.0239,0.0236,0,0
24,10,1440,212256,2880,2232,159840,4032,0.0360,0.0166,0.0236,0.0333,0.0166,0.0236,0,0
24,11,792,16992,9792,1440,14832,4032,0.0360,0.0242,0.0236,0.0360,0.0243,0.0236,2,1
24,12,11232,7344,13824,9360,3888,8352,0.0249,0.0242,0.0236,0.0249,0.0242,0.0236,0,0
24,13,1152,6624,13248,576,17136,2592,0.0360,0.0242,0.0236,0.0360,0.0228,0.0277,0,0
24,14,1008,3456,753408,1080,10080,6912,0.0360,0.0242,0.0139,0.0360,0.0243,0.0277,0,0
24,15,1584,10800,11808,1440,120816,3456,0.0360,0.0242,0.0236,0.0360,0.0138,0.0277,3,1
24,16,720,7344,14976,2736,6912,6048,0.0360,0.0242,0.0236,0.0360,0.0244,0.0277,4,1
24,17,23472,5616,10080,16416,1728,5760,0.0360,0.0242,0.0236,0.0360,0.0245,0.0277,0,0
24,18,1728,7344,6912,1224,5904,9792,0.0360,0.0242,0.0236,0.0360,0.0245,0.0277,0,0
24,19,1008,19008,12960,1440,15120,9216,0.0360,0.0242,0.0236,0.0360,0.0242,0.0277,0,0
24,20,1224,5184,63936,1584,5760,8064,0.0360,0.0242,0.0208,0.0360,0.0244,0.0277,0,0
24,21,864,5616,19008,1368,5184,8064,0.0388,0.0242,0.0236,0.0388,0.0244,0.0277,0,0
24,22,6984,8928,17280,10080,6336,9216,0.0277,0.0242,0.0236,0.0277,0.0243,0.0277,0,0
24,23,1368,7632,23040,1584,6480,12960,0.0388,0.0242,0.0236,0.0388,0.0243,0.0277,5,1
24,24,1080,12672,18720,1224,5760,9792,0.0388,0.0242,0.0236,0.0388,0.0244,0.0277,0,0
24,25,1152,11952,18144,2088,7344,4608,0.0388,0.0242,0.0236,0.0388,0.0244,0.0277,0,0
24,26,1296,70704,10944,1512,50112,6048,0.0388,0.0208,0.0236,0.0388,0.0208,0.0277,0,0
24,27,1152,10800,13248,1800,4896,5184,0.0388,0.0242,0.0236,0.0388,0.0244,0.0277,0,0
24,28,1584,54576,8064,1152,32256,5184,0.0388,0.0208,0.0236,0.0388,0.0208,0.0277,6,1
24,29,70200,4464,12672,2592,5040,7200,0.0194,0.0242,0.0236,0.0276,0.0243,0.0277,0,0
24,30,1368,4464,91008,2448,7344,9216,0.0388,0.0242,0.0236,0.0388,0.0245,0.0277,0,0
24,31,1152,3024,128736,2160,7056,4608,0.0388,0.0242,0.0173,0.0388,0.0242,0.0236,0,0
24,32,45576,3888,4320,1728,6048,5760,0.0208,0.0242,0.0236,0.0388,0.0245,0.0236,0,0
24,33,2952,4608,14112,2808,4896,7776,0.0388,0.0242,0.0236,0.0388,0.0245,0.0236,0,0
24,34,13176,2880,9216,2520,18576,4896,0.0276,0.0242,0.0236,0.0388,0.0228,0.0236,0,0
24,35,195840,3744,3456,134928,2304,1728,0.0173,0.0242,0.0236,0.0173,0.0243,0.0236,0,0
24,36,936,10368,10368,1080,18864,5184,0.0388,0.0242,0.0236,0.0388,0.0243,0.0236,0,0
24,37,1296,6336,39744,432,132912,1728,0.0388,0.0242,0.0225,0.0388,0.0208,0.0236,7,1
24,38,1368,14832,7488,648,2016,4896,0.0388,0.0228,0.0236,0.0388,0.0208,0.0236,0,0
24,39,1584,8496,35136,1368,13104,8928,0.0388,0.0242,0.0236,0.0388,0.0242,0.0236,0,0
24,40,119160,3024,12096,1224,8784,10944,0.0388,0.0242,0.0236,0.0388,0.0243,0.0236,0,0
24,41,*,*,*,*,*,*,*,*,*,*,*,*,*,*
24,42,*,*,*,*,*,*,*,*,*,*,*,*,*,*
24,43,*,8640,*,1080,6048,7488,*,0.0242,*,0.0388,0.0243,0.0236,0,0
24,44,*,*,*,*,*,*,*,*,*,*,*,*,*,*
24,45,77328,3888,14112,38304,3600,6912,0.0388,0.0242,0.0236,0.0388,0.0243,0.0236,0,0
24,46,1008,3024,88416,1152,3168,45792,0.0388,0.0242,0.0208,0.0388,0.0244,0.0208,0,0
24,47,1008,24768,30528,2736,18000,12960,0.0388,0.0242,0.0236,0.0276,0.0243,0.0236,0,0
24,48,216,62352,6912,504,41472,2304,0.0388,0.0242,0.0236,0.0388,0.0242,0.0236,0,0
24,49,*,*,*,*,*,*,*,*,*,*,*,*,*,*
24,50,1152,8352,14976,1368,6912,8352,0.0388,0.0242,0.0236,0.0388,0.0243,0.0236,0,0
24,51,576,2448,639072,1728,7488,5184,0.0388,0.0242,0.0169,0.0388,0.0243,0.0236,9,1
24,52,720,6336,11808,1368,4752,6048,0.0388,0.0242,0.0236,0.0388,0.0243,0.0236,0,0
24,53,53928,3312,13536,2088,7920,6336,0.0388,0.0242,0.0236,0.0304,0.0243,0.0236,0,0
24,54,936,16128,10368,864,8928,7776,0.0388,0.0228,0.0236,0.0388,0.0242,0.0236,0,0
24,55,1296,2016,418752,1296,6624,4320,0.0388,0.0242,0.0173,0.0388,0.0243,0.0236,0,0
24,56,59760,1152,6912,57960,864,3456,0.0388,0.0242,0.0236,0.0388,0.0242,0.0236,0,0
24,57,936,12816,11520,216,191808,1152,0.0388,0.0235,0.0236,0.0388,0.0173,0.0236,0,0
24,58,61560,1728,5760,41328,1008,2592,0.0193,0.0242,0.0236,0.0193,0.0242,0.0236,0,0
24,59,864,11376,25920,648,11664,7776,0.0388,0.0242,0.0236,0.0388,0.0243,0.0236,1,1
24,60,432,76176,4896,216,52560,2304,0.0388,0.0208,0.0236,0.0388,0.0208,0.0236,0,0
24,61,73008,2592,9504,49608,2160,2880,0.0388,0.0242,0.0236,0.0388,0.0242,0.0236,0,0
24,62,1152,3024,580032,1656,4032,296640,0.0388,0.0242,0.0166,0.0388,0.0245,0.0166,0,0
24,63,43560,5472,29664,32112,5328,13824,0.0193,0.0242,0.0236,0.0193,0.0243,0.0236,2,1
24,64,1872,85680,4032,432,58464,864,0.0388,0.0208,0.0236,0.0388,0.0208,0.0236,0,0
24,65,89424,2592,4896,65304,3168,2016,0.0193,0.0242,0.0236,0.0193,0.0243,0.0236,0,0
24,66,936,8928,19296,1440,9360,8064,0.0388,0.0242,0.0236,0.0388,0.0243,0.0236,0,0
24,67,864,3456,366912,864,4896,190944,0.0388,0.0242,0.0163,0.0388,0.0243,0.0163,3,1
24,68,62208,3744,3744,576,52272,4032,0.0194,0.0242,0.0236,0.0388,0.0194,0.0236,4,1
24,69,18720,7920,33120,9216,10656,13536,0.0277,0.0242,0.0236,0.0277,0.0243,0.0236,0,0
24,70,864,11232,37152,1440,8064,18720,0.0401,0.0242,0.0236,0.0401,0.0243,0.0236,0,0
24,71,51984,1584,4320,138168,14976,3168,0.0179,0.0242,0.0236,0.0179,0.0243,0.0236,0,0
24,72,504,5040,55584,288,130752,2016,0.0401,0.0256,0.0208,0.0401,0.0180,0.0243,0,0
24,73,936,8784,17856,576,8208,8064,0.0401,0.0256,0.0236,0.0401,0.0256,0.0243,0,0
24,74,99288,3024,5184,720,7632,5472,0.0200,0.0256,0.0236,0.0401,0.0256,0.0243,0,0
24,75,288,8784,16128,288,61056,2592,0.0401,0.0256,0.0236,0.0401,0.0208,0.0243,5,1
24,76,1224,40320,10368,1152,4752,15552,0.0401,0.0235,0.0236,0.0401,0.0256,0.0243,0,0
24,77,198936,1728,4320,109224,1728,2016,0.0165,0.0256,0.0236,0.0165,0.0256,0.0243,0,0
24,78,1656,46368,2592,576,33264,1728,0.0401,0.0208,0.0236,0.0401,0.0208,0.0243,0,0
24,79,20520,13680,16704,12384,10800,5472,0.0276,0.0256,0.0236,0.0276,0.0256,0.0243,0,0
24,80,1008,34992,12096,216,29952,4032,0.0401,0.0242,0.0236,0.0401,0.0242,0.0243,0,0
24,81,936,4608,318816,792,3168,127296,0.0401,0.0242,0.0166,0.0401,0.0242,0.0166,6,1
24,82,53064,2736,4032,36720,1872,3168,0.0200,0.0256,0.0236,0.0200,0.0256,0.0243,0,0
24,83,72,67680,6912,432,47232,2016,0.0401,0.0208,0.0236,0.0401,0.0208,0.0243,0,0
24,84,648,6048,36576,1152,5760,13824,0.0401,0.0256,0.0236,0.0401,0.0256,0.0243,0,0
24,85,49536,1872,33120,42408,2736,3168,0.0208,0.0256,0.0236,0.0208,0.0256,0.0243,0,0
24,86,864,4608,235872,1296,4320,61632,0.0401,0.0256,0.0208,0.0401,0.0256,0.0208,0,0
24,87,20736,5760,16992,12816,6768,7200,0.0277,0.0256,0.0243,0.0277,0.0256,0.0243,0,0
24,88,720,6912,16128,1296,6624,10656,0.0401,0.0256,0.0243,0.0401,0.0256,0.0243,0,0
24,89,1080,3312,362016,1008,1440,164160,0.0401,0.0256,0.0166,0.0401,0.0256,0.0166,7,1
24,90,56808,2592,9504,23112,4752,1728,0.0207,0.0256,0.0243,0.0207,0.0256,0.0243,0,0
24,91,720,11520,20448,1152,12528,11520,0.0401,0.0256,0.0243,0.0401,0.0256,0.0243,0,0
24,92,216,93312,4896,288,63792,4032,0.0401,0.0208,0.0243,0.0401,0.0208,0.0243,0,0
24,93,19872,5184,12096,13824,4752,6912,0.0221,0.0256,0.0243,0.0221,0.0256,0.0243,0,0
24,94,1224,3888,228960,1728,2880,119808,0.0401,0.0256,0.0173,0.0401,0.0256,0.0173,0,0
24,95,576,6768,33120,1008,5184,20736,0.0401,0.0256,0.0243,0.0401,0.0256,0.0243,8,1
24,96,1368,33120,12384,864,19296,3168,0.0401,0.0228,0.0243,0.0401,0.0228,0.0243,0,0
24,97,97776,288,32544,78696,1584,19872,0.0401,0.0256,0.0243,0.0401,0.0256,0.0246,0,0
24,98,1224,8208,294624,1728,5328,156384,0.0401,0.0256,0.0243,0.0401,0.0256,0.0243,0,0
24,99,43632,3888,14976,33912,4176,10944,0.0221,0.0256,0.0243,0.0221,0.0256,0.0243,0,0
24,100,432,87120,8640,504,58176,3168,0.0304,0.0256,0.0243,0.0304,0.0256,0.0243,0,0
24,101,*,*,*,*,*,*,*,*,*,*,*,*,*,*
24,102,15408,8064,22176,9648,6624,8640,0.0221,0.0256,0.0243,0.0221,0.0256,0.0243,0,0
24,103,936,1008,265824,1224,2448,173952,0.0304,0.0256,0.0166,0.0304,0.0256,0.0166,9,1
24,104,360,29376,9792,864,27216,3744,0.0304,0.0228,0.0243,0.0304,0.0228,0.0243,0,0
24,105,792,8784,41472,1584,8496,27072,0.0304,0.0256,0.0243,0.0304,0.0256,0.0243,0,0
24,106,35208,4176,42336,27864,3024,18144,0.0207,0.0256,0.0243,0.0207,0.0256,0.0243,0,0
24,107,1080,10800,13248,1512,9216,10368,0.0304,0.0256,0.0243,0.0304,0.0256,0.0243,0,0
24,108,18144,5760,14688,10872,3888,6336,0.0235,0.0256,0.0243,0.0235,0.0256,0.0243,0,0
24,109,720,82368,7200,576,19584,4320,0.0304,0.0201,0.0243,0.0304,0.0228,0.0243,0,0
24,110,1152,4896,219168,864,4320,135648,0.0304,0.0256,0.0208,0.0304,0.0256,0.0208,0,0
24,111,504,77616,6912,432,51696,3744,0.0304,0.0194,0.0243,0.0304,0.0194,0.0243,0,0
24,112,20952,3024,12672,14184,5184,7776,0.0221,0.0256,0.0243,0.0221,0.0256,0.0243,1,1
24,113,1440,9792,13536,1512,11952,13248,0.0304,0.0256,0.0243,0.0304,0.0256,0.0243,0,0
24,114,1872,10512,18432,864,9072,10944,0.0304,0.0256,0.0243,0.0304,0.0256,0.0243,0,0
24,115,936,2592,506016,1368,3600,338112,0.0304,0.0256,0.0173,0.0304,0.0256,0.0173,0,0
24,116,9936,2448,30816,6696,2160,23040,0.0221,0.0256,0.0189,0.0221,0.0256,0.0194,2,1
24,117,864,7632,19296,720,5328,10656,0.0304,0.0256,0.0243,0.0304,0.0256,0.0243,0,0
24,118,504,59040,6336,360,45936,4608,0.0304,0.0195,0.0243,0.0304,0.0201,0.0243,0,0
24,119,936,98208,9504,1440,68112,7488,0.0304,0.0173,0.0243,0.0304,0.0173,0.0243,3,1
24,120,1008,11232,17856,2592,8352,11808,0.0304,0.0256,0.0243,0.0304,0.0256,0.0243,4,1
24,121,432,38736,6912,792,29232,3744,0.0304,0.0228,0.0243,0.0304,0.0228,0.0243,0,0
24,122,1152,12384,20160,576,8496,12672,0.0304,0.0256,0.0243,0.0304,0.0256,0.0243,0,0
24,123,4032,4176,132768,3240,2592,65664,0.0304,0.0256,0.0208,0.0304,0.0256,0.0208,0,0
24,124,1008,4608,59616,1008,3024,36288,0.0304,0.0256,0.0213,0.0304,0.0256,0.0212,0,0
24,125,16704,5040,14112,11952,4032,10368,0.0249,0.0256,0.0243,0.0249,0.0256,0.0243,0,0
24,126,504,48672,6912,1224,46800,2304,0.0304,0.0208,0.0243,0.0304,0.0208,0.0243,0,0
24,127,12024,7632,16416,8352,3600,6624,0.0276,0.0256,0.0243,0.0276,0.0256,0.0243,0,0
24,128,792,4464,118944,1008,3024,52128,0.0304,0.0256,0.0243,0.0304,0.0256,0.0243,5,1
24,129,792,31392,13824,720,19296,6912,0.0304,0.0242,0.0243,0.0304,0.0242,0.0243,0,0
24,130,936,9504,22464,1440,8064,11232,0.0304,0.0256,0.0243,0.0304,0.0256,0.0243,0,0
24,131,792,32688,8064,864,22176,5472,0.0304,0.0228,0.0243,0.0304,0.0228,0.0243,0,0
24,132,1224,3600,109728,792,1440,39456,0.0304,0.0256,0.0208,0.0304,0.0256,0.0208,0,0
24,133,12888,4896,24480,8352,4896,7488,0.0249,0.0256,0.0243,0.0249,0.0256,0.0243,6,1
24,134,720,75600,8640,432,37440,5184,0.0304,0.0208,0.0243,0.0304,0.0208,0.0243,0,0
24,135,1512,10512,28512,1080,7488,11808,0.0304,0.0256,0.0243,0.0304,0.0256,0.0243,0,0
24,136,1152,4464,189216,936,2592,98784,0.0304,0.0256,0.0191,0.0304,0.0256,0.0191,0,0
24,137,216,52704,9504,288,33408,4896,0.0304,0.0208,0.0243,0.0304,0.0208,0.0243,0,0
24,138,792,3600,101376,1296,4320,58464,0.0304,0.0256,0.0208,0.0304,0.0256,0.0208,0,0
24,139,1152,10368,30528,864,6048,14400,0.0304,0.0256,0.0243,0.0304,0.0256,0.0243,0,0
24,140,18216,5328,31392,12456,4752,13824,0.0249,0.0256,0.0243,0.0249,0.0256,0.0243,0,0
24,141,1008,4608,166176,1368,2592,73728,0.0304,0.0256,0.0191,0.0304,0.0256,0.0191,7,1
24,142,1296,7488,26784,864,4176,12960,0.0304,0.0256,0.0243,0.0304,0.0256,0.0243,0,0
24,143,648,29520,16992,936,24336,9792,0.0304,0.0228,0.0243,0.0304,0.0228,0.0243,0,0
24,144,3384,8352,161280,1872,8352,14400,0.0243,0.0235,0.0208,0.0304,0.0256,0.0243,0,0
24,145,12312,6336,23616,7344,3312,13536,0.0249,0.0256,0.0243,0.0249,0.0256,0.0243,0,0
24,146,648,24912,25920,936,6480,20160,0.0304,0.0208,0.0243,0.0304,0.0256,0.0243,0,0
24,147,1440,3600,156384,1440,2160,59040,0.0304,0.0256,0.0191,0.0304,0.0256,0.0191,8,1
24,148,12312,5328,20448,6912,2736,12672,0.0231,0.0256,0.0243,0.0231,0.0256,0.0243,0,0
24,149,1512,8352,26208,1512,6336,22752,0.0304,0.0256,0.0243,0.0304,0.0256,0.0231,0,0
24,150,432,16560,13536,1224,6480,134208,0.0304,0.0208,0.0243,0.0249,0.0208,0.0173,0,0
24,151,1512,1872,230112,1152,2880,5760,0.0304,0.0256,0.0173,0.0304,0.0256,0.0243,0,0
24,152,7272,3024,12384,648,24768,8064,0.0221,0.0256,0.0243,0.0304,0.0208,0.0243,0,0
24,153,1008,3888,176832,792,2592,9504,0.0304,0.0256,0.0173,0.0304,0.0256,0.0243,0,0
24,154,1080,5184,17280,1008,4464,11232,0.0304,0.0256,0.0243,0.0304,0.0256,0.0243,0,0
24,155,936,4176,18144,720,1440,154944,0.0304,0.0256,0.0243,0.0304,0.0228,0.0173,0,0
24,156,792,1296,160128,864,1152,95904,0.0304,0.0256,0.0173,0.0304,0.0256,0.0173,9,1
24,157,11304,1584,8640,576,2160,8928,0.0221,0.0256,0.0243,0.0304,0.0256,0.0243,0,0
24,158,648,36288,9216,5400,2016,6336,0.0304,0.0194,0.0243,0.0221,0.0256,0.0243,0,0
24,159,3960,3744,17856,216,25776,3456,0.0249,0.0256,0.0243,0.0304,0.0208,0.0243,0,0
24,160,504,14832,13248,360,432,183456,0.0304,0.0228,0.0243,0.0304,0.0256,0.0166,0,0
24,161,11880,3456,19872,864,8352,9216,0.0235,0.0256,0.0243,0.0304,0.0228,0.0243,0,0
24,162,1656,3744,19296,1008,3600,23904,0.0304,0.0256,0.0241,0.0304,0.0256,0.0213,0,0
24,163,792,5184,36000,288,27504,17280,0.0304,0.0256,0.0221,0.0304,0.0208,0.0217,0,0
24,164,432,23904,34272,864,1728,61344,0.0304,0.0208,0.0210,0.0304,0.0256,0.0208,1,1
24,165,9576,4896,17280,1080,3744,6048,0.0249,0.0256,0.0243,0.0263,0.0256,0.0243,0,0
24,166,360,19296,44352,576,18864,7200,0.0304,0.0228,0.0211,0.0304,0.0228,0.0243,0,0
24,167,1008,5184,48096,504,2736,239904,0.0304,0.0256,0.0208,0.0304,0.0237,0.0173,0,0
24,168,720,11376,11232,576,2304,23616,0.0304,0.0229,0.0232,0.0304,0.0256,0.0208,2,1
24,169,9648,3456,15264,648,2592,9504,0.0243,0.0256,0.0243,0.0304,0.0256,0.0243,0,0
24,170,1152,7776,16128,1296,5472,12096,0.0304,0.0256,0.0243,0.0249,0.0256,0.0243,0,0
24,171,1224,1872,210528,1296,2304,146880,0.0304,0.0256,0.0173,0.0304,0.0256,0.0173,0,0
24,172,936,29232,64224,1008,28800,38304,0.0304,0.0179,0.0177,0.0304,0.0179,0.0176,3,1
24,173,1800,25776,12096,792,25344,7200,0.0240,0.0179,0.0243,0.0304,0.0178,0.0243,4,1
24,174,576,24336,10080,504,16128,8352,0.0304,0.0228,0.0243,0.0304,0.0228,0.0243,0,0
24,175,1296,9504,48960,1008,8784,33120,0.0304,0.0232,0.0225,0.0304,0.0237,0.0225,0,0
24,176,1224,46800,23616,792,32832,10080,0.0304,0.0208,0.0227,0.0304,0.0208,0.0226,0,0
24,177,86256,8784,8640,61416,7344,4896,0.0207,0.0213,0.0243,0.0207,0.0210,0.0243,0,0
24,178,576,41616,6336,1008,34272,4320,0.0304,0.0208,0.0243,0.0304,0.0208,0.0243,0,0
24,179,648,9216,87264,648,5040,44640,0.0304,0.0216,0.0208,0.0304,0.0213,0.0208,0,0
24,180,720,30816,14688,1944,4608,10656,0.0304,0.0242,0.0243,0.0304,0.0256,0.0243,5,1
24,181,24264,10944,10656,28512,3888,8928,0.0207,0.0244,0.0243,0.0207,0.0256,0.0243,0,0
24,182,792,9648,18432,288,34704,4032,0.0304,0.0256,0.0243,0.0304,0.0208,0.0243,0,0
24,183,864,2736,235296,66456,5904,4896,0.0304,0.0256,0.0208,0.0207,0.0256,0.0243,0,0
24,184,29880,3600,12384,33840,37152,4896,0.0207,0.0256,0.0243,0.0208,0.0208,0.0243,0,0
24,185,38808,1872,11808,20016,2736,7200,0.0207,0.0256,0.0243,0.0207,0.0256,0.0243,6,1
24,186,576,4176,95904,864,2448,43776,0.0304,0.0256,0.0202,0.0304,0.0256,0.0207,0,0
24,187,1512,3024,146016,1368,3744,73440,0.0304,0.0256,0.0191,0.0304,0.0256,0.0191,0,0
24,188,648,10080,14976,432,31536,4032,0.0304,0.0256,0.0242,0.0304,0.0208,0.0243,0,0
24,189,1008,55296,9792,1224,2448,33984,0.0311,0.0208,0.0243,0.0307,0.0256,0.0219,0,0
24,190,792,6480,22176,27144,1872,23328,0.0360,0.0256,0.0243,0.0207,0.0258,0.0226,0,0
24,191,648,6480,69696,936,3888,15840,0.0360,0.0264,0.0208,0.0360,0.0291,0.0243,0,0
24,192,576,33552,39744,21672,2448,32832,0.0332,0.0208,0.0210,0.0207,0.0291,0.0193,0,0
24,193,936,4896,20736,648,6048,38016,0.0360,0.0291,0.0242,0.0360,0.0277,0.0197,0,0
24,194,1080,2448,304416,1368,2016,186624,0.0360,0.0291,0.0191,0.0360,0.0291,0.0191,7,1
24,195,1152,3888,21600,16848,2160,11520,0.0360,0.0291,0.0242,0.0228,0.0291,0.0243,0,0
24,196,36072,2880,14112,10368,23904,33408,0.0207,0.0291,0.0243,0.0235,0.0208,0.0191,0,0
24,197,504,60768,6912,25056,2880,25920,0.0360,0.0208,0.0243,0.0207,0.0291,0.0196,0,0
24,198,432,6048,18144,504,12816,7200,0.0360,0.0291,0.0243,0.0360,0.0228,0.0243,0,0
24,199,1296,3312,257184,1512,2592,116352,0.0360,0.0291,0.0208,0.0360,0.0291,0.0208,8,1
24,200,1440,4320,22464,648,21456,10368,0.0360,0.0291,0.0243,0.0360,0.0208,0.0243,0,0
24,201,792,34128,15552,1368,5040,18720,0.0360,0.0208,0.0240,0.0360,0.0291,0.0243,0,0
24,202,1080,5472,19008,1512,1440,165888,0.0360,0.0291,0.0243,0.0360,0.0291,0.0208,0,0
24,203,1440,5760,21888,1152,34272,20448,0.0360,0.0291,0.0243,0.0249,0.0208,0.0243,0,0
24,204,1368,5040,19296,6120,3456,12672,0.0360,0.0291,0.0243,0.0228,0.0291,0.0243,0,0
24,205,1152,2736,61344,1224,4464,11520,0.0360,0.0291,0.0208,0.0360,0.0291,0.0243,0,0
24,206,1800,4608,68832,1656,5472,13824,0.0276,0.0277,0.0208,0.0360,0.0291,0.0243,0,0
24,207,864,36864,10656,1152,28512,6624,0.0360,0.0208,0.0243,0.0360,0.0208,0.0243,0,0
24,208,1008,1008,226656,1224,720,142272,0.0360,0.0291,0.0208,0.0360,0.0291,0.0208,9,1
24,209,1872,12096,20448,16056,1584,10080,0.0235,0.0277,0.0240,0.0235,0.0291,0.0243,0,0
24,210,504,7056,26784,10800,2304,14976,0.0360,0.0291,0.0243,0.0191,0.0291,0.0243,0,0
24,211,720,25056,13248,*,*,8352,0.0360,0.0228,0.0243,*,*,0.0243,0,0
24,212,792,1728,84096,936,2016,41760,0.0360,0.0291,0.0208,0.0360,0.0291,0.0208,0,0
24,213,864,3312,20160,864,2448,14400,0.0360,0.0291,0.0243,0.0360,0.0291,0.0243,0,0
24,214,5112,13968,16416,3456,7920,9216,0.0290,0.0228,0.0243,0.0290,0.0228,0.0243,0,0
24,215,1584,2448,283680,2016,2448,36576,0.0296,0.0280,0.0208,0.0300,0.0287,0.0208,0,0
24,216,1080,22176,95328,648,24768,6912,0.0360,0.0208,0.0208,0.0360,0.0208,0.0243,1,1
24,217,12816,2736,10656,7128,1152,29952,0.0276,0.0291,0.0243,0.0276,0.0281,0.0190,0,0
24,218,4896,38304,5184,2520,24192,3168,0.0293,0.0208,0.0243,0.0297,0.0208,0.0236,0,0
24,219,*,*,*,*,*,*,*,*,*,*,*,*,*,*
24,220,504,2736,29088,792,2304,14688,0.0360,0.0291,0.0214,0.0360,0.0291,0.0218,2,1
24,221,792,3744,16992,648,3024,11232,0.0360,0.0291,0.0243,0.0360,0.0291,0.0243,0,0
24,222,4536,4464,15840,10080,1872,11520,0.0249,0.0291,0.0243,0.0249,0.0291,0.0243,0,0
24,223,864,2736,181728,1872,1872,104832,0.0360,0.0291,0.0152,0.0360,0.0291,0.0152,0,0
24,224,720,20304,109152,864,20880,74304,0.0360,0.0213,0.0149,0.0360,0.0216,0.0146,3,1
24,225,504,45648,7776,936,27792,4032,0.0360,0.0208,0.0243,0.0360,0.0208,0.0243,4,1
24,226,576,8784,14688,360,11232,6336,0.0360,0.0228,0.0243,0.0360,0.0228,0.0243,0,0
24,227,864,3456,35712,576,1872,36576,0.0360,0.0288,0.0208,0.0360,0.0286,0.0208,0,0
24,228,432,20448,16704,7920,1152,13248,0.0360,0.0263,0.0243,0.0235,0.0291,0.0243,0,0
24,229,720,1872,139104,864,1872,92448,0.0368,0.0291,0.0208,0.0361,0.0291,0.0208,0,0
24,230,648,7920,15840,360,8208,10368,0.0388,0.0256,0.0243,0.0388,0.0256,0.0242,0,0
24,231,720,2592,53568,720,1008,42336,0.0388,0.0291,0.0208,0.0388,0.0291,0.0208,0,0
24,232,648,7920,15840,360,8208,10368,0.0388,0.0256,0.0243,0.0388,0.0256,0.0242,5,1
24,233,720,2592,53568,720,1008,42336,0.0388,0.0291,0.0208,0.0388,0.0291,0.0208,0,0
24,234,3096,1152,234144,5544,8208,11232,0.0207,0.0291,0.0175,0.0208,0.0256,0.0243,0,0
24,235,3528,5040,19584,2880,3888,10368,0.0211,0.0277,0.0236,0.0235,0.0277,0.0243,0,0
24,236,4392,2304,13248,5472,2880,122976,0.0235,0.0291,0.0243,0.0235,0.0291,0.0148,0,0
24,237,576,7056,16128,432,6048,10368,0.0388,0.0263,0.0243,0.0361,0.0263,0.0240,0,0
24,238,864,2160,208512,1224,1008,117504,0.0388,0.0291,0.0208,0.0388,0.0291,0.0208,6,1
24,239,648,6912,15264,9288,5328,6336,0.0388,0.0242,0.0243,0.0191,0.0242,0.0243,0,0
24,240,576,7776,22464,936,6048,11520,0.0388,0.0252,0.0243,0.0388,0.0253,0.0243,0,0
24,241,432,13680,15552,792,3312,65376,0.0388,0.0242,0.0243,0.0388,0.0291,0.0184,0,0
24,242,1080,4464,28224,1224,8208,12096,0.0388,0.0291,0.0241,0.0388,0.0242,0.0241,0,0
24,243,864,1008,207648,1656,4320,10944,0.0388,0.0291,0.0176,0.0388,0.0289,0.0243,0,0
24,244,41400,1440,13536,47160,1584,5472,0.0200,0.0291,0.0239,0.0194,0.0291,0.0243,0,0
24,245,1296,3744,17568,1152,5040,9504,0.0388,0.0287,0.0243,0.0388,0.0286,0.0243,0,0
24,246,1008,2448,250560,1008,2736,151488,0.0388,0.0277,0.0149,0.0388,0.0277,0.0153,7,1
24,247,3312,3312,21888,1440,33984,4608,0.0258,0.0277,0.0242,0.0258,0.0208,0.0243,0,0
24,248,648,5040,72864,936,1584,217152,0.0372,0.0256,0.0208,0.0388,0.0255,0.0175,0,0
24,249,6264,3600,57312,1296,4896,75456,0.0374,0.0265,0.0212,0.0388,0.0256,0.0183,0,0
24,250,2088,116784,5184,720,67248,4608,0.0376,0.0175,0.0243,0.0388,0.0176,0.0243,0,0
24,251,2448,2592,216000,2592,3600,133632,0.0250,0.0251,0.0151,0.0225,0.0246,0.0150,8,1
24,252,1008,3888,16416,720,6768,6336,0.0374,0.0256,0.0243,0.0388,0.0256,0.0243,0,0
24,253,37872,2736,9792,26280,1728,12096,0.0196,0.0256,0.0243,0.0203,0.0256,0.0243,0,0
24,254,*,*,*,*,*,*,*,*,*,*,*,*,*,*
24,255,*,*,*,*,*,*,*,*,*,*,*,*,*,*
24,256,*,*,*,*,*,*,*,*,*,*,*,*,*,*
24,257,*,*,*,*,*,*,*,*,*,*,*,*,*,*
24,258,*,*,*,*,*,*,*,*,*,*,*,*,*,*
24,259,*,*,*,*,*,*,*,*,*,*,*,*,*,*
24,260,*,*,*,*,*,*,*,*,*,*,*,*,*,*
24,261,*,*,*,*,*,*,*,*,*,*,*,*,*,*
24,262,576,4896,22464,1152,7632,9792,0.0388,0.0256,0.0243,0.0388,0.0256,0.0243,0,0
24,263,288,6480,22464,288,128160,3456,0.0388,0.0242,0.0243,0.0388,0.0139,0.0243,0,0
24,264,648,1872,147744,648,5760,6048,0.0388,0.0256,0.0173,0.0388,0.0247,0.0243,0,0
24,265,2016,4320,18144,792,4608,8064,0.0332,0.0256,0.0237,0.0332,0.0256,0.0243,0,0
24,266,576,4896,22464,1152,7632,9792,0.0388,0.0256,0.0243,0.0388,0.0256,0.0243,0,0
24,267,288,6480,22464,288,128160,3456,0.0388,0.0242,0.0243,0.0388,0.0139,0.0243,0,0
24,268,648,1872,147744,648,5760,6048,0.0388,0.0256,0.0173,0.0388,0.0247,0.0243,1,1
24,269,2016,4320,18144,792,4608,8064,0.0332,0.0256,0.0237,0.0332,0.0256,0.0243,0,0
24,270,2232,3744,17280,792,5904,120096,0.0336,0.0256,0.0243,0.0361,0.0208,0.0175,0,0
24,271,5544,8064,19872,3024,10944,20736,0.0282,0.0242,0.0243,0.0282,0.0242,0.0184,0,0
24,272,864,3024,110880,1800,12528,7488,0.0304,0.0256,0.0208,0.0276,0.0242,0.0243,2,1
24,273,3888,4896,12096,3312,2592,35424,0.0388,0.0256,0.0240,0.0388,0.0256,0.0208,0,0
24,274,3240,10080,15264,2376,6192,8928,0.0388,0.0256,0.0243,0.0388,0.0256,0.0243,0,0
24,275,792,4464,143136,936,3312,95904,0.0388,0.0256,0.0207,0.0388,0.0256,0.0207,0,0
24,276,720,2736,225216,792,3024,169632,0.0388,0.0256,0.0167,0.0388,0.0256,0.0208,3,1
24,277,288,113616,5472,504,85392,84672,0.0388,0.0208,0.0237,0.0388,0.0208,0.0208,4,1
24,278,720,3456,49536,504,2880,36288,0.0404,0.0256,0.0208,0.0403,0.0258,0.0208,0,0
24,279,69840,2016,7488,52488,1728,8352,0.0347,0.0284,0.0258,0.0347,0.0284,0.0265,0,0
24,280,720,2736,225216,792,3024,169632,0.0388,0.0256,0.0167,0.0388,0.0256,0.0208,0,0
24,281,288,113616,5472,504,85392,84672,0.0388,0.0208,0.0237,0.0388,0.0208,0.0208,0,0
24,282,720,3456,49536,504,2880,36288,0.0404,0.0256,0.0208,0.0403,0.0258,0.0208,0,0
24,283,69840,2016,7488,52488,1728,8352,0.0347,0.0284,0.0258,0.0347,0.0284,0.0265,0,0
24,284,864,4608,37152,720,4032,34272,0.0415,0.0284,0.0243,0.0415,0.0284,0.0242,5,1
24,285,2808,4320,16992,8136,1872,8064,0.0276,0.0284,0.0267,0.0276,0.0284,0.0267,0,0
24,286,792,12096,11520,576,12096,6336,0.0401,0.0242,0.0267,0.0415,0.0242,0.0267,0,0
24,287,720,3888,36576,504,3024,26208,0.0415,0.0282,0.0243,0.0415,0.0284,0.0243,0,0
24,288,67104,2304,7488,50112,1584,4608,0.0207,0.0284,0.0267,0.0207,0.0284,0.0267,0,0
24,289,1080,5328,128160,1152,4176,7488,0.0347,0.0277,0.0267,0.0389,0.0284,0.0267,6,1
24,290,936,5472,19584,936,3024,19296,0.0415,0.0284,0.0267,0.0415,0.0284,0.0243,0,0
24,291,432,3744,17568,864,6192,55008,0.0415,0.0284,0.0267,0.0415,0.0284,0.0250,0,0
24,292,864,2736,140832,432,2880,110304,0.0415,0.0284,0.0243,0.0415,0.0284,0.0243,0,0
24,293,17352,1584,10656,11736,2160,8352,0.0231,0.0284,0.0267,0.0231,0.0284,0.0267,0,0
24,294,171720,1008,3744,360,3456,8064,0.0275,0.0284,0.0267,0.0415,0.0284,0.0267,0,0
24,295,576,3024,32256,1152,1296,148320,0.0415,0.0284,0.0229,0.0347,0.0284,0.0243,0,0
24,296,504,2880,45504,1368,4320,19008,0.0415,0.0284,0.0237,0.0347,0.0208,0.0243,0,0
24,297,936,4176,13536,9576,14400,7200,0.0415,0.0284,0.0267,0.0415,0.0208,0.0267,0,0
24,298,504,2160,170784,792,1728,181152,0.0415,0.0284,0.0243,0.0415,0.0284,0.0243,7,1
24,299,10512,2736,14688,792,29376,4608,0.0276,0.0284,0.0247,0.0415,0.0208,0.0262,0,0
24,300,216,5904,24480,576,1728,201888,0.0415,0.0277,0.0243,0.0415,0.0284,0.0242,0,0
24,301,1008,5040,31680,936,4320,10368,0.0415,0.0284,0.0243,0.0415,0.0284,0.0265,0,0
24,302,48384,2304,12096,792,5472,226368,0.0206,0.0284,0.0267,0.0415,0.0284,0.0243,0,0
24,303,1008,2448,174240,936,1872,130752,0.0415,0.0284,0.0243,0.0415,0.0284,0.0242,8,1
24,304,28944,2448,10944,648,9216,6912,0.0206,0.0284,0.0254,0.0415,0.0277,0.0258,0,0
24,305,432,19152,16128,8784,3888,14400,0.0415,0.0277,0.0217,0.0276,0.0284,0.0264,0,0
24,306,576,7056,31968,1008,4608,25056,0.0415,0.0278,0.0243,0.0415,0.0284,0.0243,0,0
24,307,34344,3744,8064,576,14832,73152,0.0207,0.0278,0.0267,0.0415,0.0277,0.0245,0,0
24,308,864,12384,201024,3816,2880,9504,0.0329,0.0197,0.0242,0.0276,0.0284,0.0265,0,0
24,309,864,4176,15264,1008,7056,8064,0.0346,0.0284,0.0265,0.0415,0.0277,0.0267,0,0
24,310,360,2448,25344,32832,4320,14112,0.0415,0.0284,0.0243,0.0207,0.0277,0.0243,0,0
24,311,288,11952,10656,504,3168,64512,0.0415,0.0277,0.0267,0.0415,0.0284,0.0245,0,0
24,312,792,1440,172224,2664,1152,142560,0.0415,0.0284,0.0243,0.0207,0.0277,0.0243,9,1
24,313,360,54720,10080,432,6048,5472,0.0415,0.0277,0.0261,0.0415,0.0277,0.0266,0,0
24,314,156744,2304,5184,864,3312,5760,0.0347,0.0283,0.0267,0.0415,0.0283,0.0267,0,0
24,315,1512,3168,23328,32976,1152,5184,0.0367,0.0284,0.0243,0.0207,0.0284,0.0267,0,0
24,316,648,10224,10944,864,6912,15552,0.0415,0.0277,0.0267,0.0397,0.0277,0.0238,0,0
24,317,360,576,453024,1512,3744,7776,0.0415,0.0284,0.0243,0.0389,0.0284,0.0267,0,0
24,318,936,7344,14400,792,6480,7200,0.0415,0.0277,0.0262,0.0415,0.0284,0.0267,0,0
24,319,57168,2016,6048,13680,3600,9216,0.0207,0.0284,0.0267,0.0233,0.0285,0.0267,0,0
24,320,504,3888,12384,1800,864,141408,0.0415,0.0291,0.0267,0.0207,0.0291,0.0242,1,1
24,321,504,19008,4320,504,21888,10656,0.0415,0.0242,0.0267,0.0415,0.0242,0.0202,0,0
24,322,2016,4176,12960,2736,2736,8064,0.0276,0.0291,0.0267,0.0276,0.0291,0.0267,0,0
24,323,648,1440,195552,576,2592,154656,0.0368,0.0291,0.0242,0.0415,0.0291,0.0243,0,0
24,324,360,31824,16704,648,1872,16704,0.0415,0.0277,0.0249,0.0415,0.0291,0.0254,2,1
24,325,18288,2880,8352,10728,2592,7776,0.0214,0.0291,0.0267,0.0211,0.0291,0.0267,0,0
24,326,936,8784,14976,720,3456,23616,0.0415,0.0277,0.0267,0.0374,0.0291,0.0216,0,0
24,327,55800,2160,56448,45504,4752,36864,0.0347,0.0291,0.0238,0.0347,0.0277,0.0239,0,0
24,328,864,1872,129024,792,1872,99936,0.0415,0.0291,0.0243,0.0415,0.0291,0.0243,3,1
24,329,2160,3456,12096,2880,4176,11808,0.0276,0.0291,0.0267,0.0280,0.0291,0.0265,4,1
24,330,576,3024,15840,648,3600,10656,0.0415,0.0291,0.0258,0.0415,0.0291,0.0267,0,0
24,331,33192,1152,9792,576,3312,23904,0.0201,0.0291,0.0243,0.0415,0.0291,0.0204,0,0
24,332,864,4320,23040,504,3744,9216,0.0311,0.0291,0.0243,0.0415,0.0291,0.0267,0,0
24,333,648,1296,149472,432,2736,79200,0.0415,0.0291,0.0243,0.0415,0.0291,0.0243,0,0
24,334,39024,1008,7488,20808,1728,8928,0.0206,0.0291,0.0264,0.0217,0.0291,0.0221,0,0
24,335,1008,6768,12960,432,1872,160992,0.0356,0.0277,0.0267,0.0415,0.0291,0.0206,0,0
24,336,258768,1296,6048,648,3312,6624,0.0347,0.0291,0.0267,0.0355,0.0291,0.0267,5,1
24,337,936,4464,15552,216,84096,4320,0.0286,0.0291,0.0265,0.0415,0.0242,0.0267,0,0
24,338,576,1008,391680,2160,2160,5760,0.0415,0.0291,0.0243,0.0347,0.0291,0.0271,0,0
24,339,288,6912,12960,792,1152,43776,0.0415,0.0277,0.0270,0.0415,0.0291,0.0208,0,0
24,340,1080,5472,10656,720,10656,8064,0.0346,0.0290,0.0277,0.0346,0.0216,0.0272,0,0
24,341,432,14112,12384,720,1872,164736,0.0415,0.0277,0.0277,0.0415,0.0226,0.0243,6,1
24,342,38160,864,89280,20952,1440,53856,0.0210,0.0288,0.0243,0.0208,0.0291,0.0243,0,0
24,343,864,864,153216,1152,1728,95616,0.0415,0.0291,0.0242,0.0415,0.0291,0.0242,0,0
24,344,39816,1008,9216,28440,1296,3456,0.0207,0.0287,0.0273,0.0207,0.0291,0.0271,0,0
24,345,576,1008,230976,504,5040,4896,0.0389,0.0278,0.0242,0.0415,0.0277,0.0277,0,0
24,346,792,3888,10944,720,864,164736,0.0415,0.0291,0.0274,0.0415,0.0291,0.0242,0,0
24,347,648,4896,13248,12744,2736,5184,0.0415,0.0291,0.0277,0.0355,0.0291,0.0277,0,0
24,348,576,1296,131040,504,13392,7488,0.0415,0.0291,0.0208,0.0415,0.0277,0.0277,0,0
24,349,720,3888,91872,1008,3312,59040,0.0415,0.0291,0.0244,0.0415,0.0291,0.0244,0,0
24,350,720,1008,171648,1080,864,127584,0.0415,0.0291,0.0243,0.0415,0.0291,0.0243,7,1
24,351,36000,1296,7488,27072,2160,4896,0.0206,0.0291,0.0276,0.0208,0.0291,0.0275,0,0
24,352,720,288,493632,1152,2736,6624,0.0374,0.0291,0.0173,0.0363,0.0291,0.0277,0,0
24,353,432,8928,19584,936,1440,172800,0.0415,0.0277,0.0221,0.0415,0.0291,0.0243,0,0
24,354,23400,2016,14976,21456,5472,3744,0.0210,0.0290,0.0225,0.0211,0.0223,0.0264,0,0
24,355,792,1152,300960,576,5184,191232,0.0415,0.0291,0.0167,0.0363,0.0215,0.0167,0,0
24,356,720,105264,32256,2304,2160,35136,0.0415,0.0173,0.0179,0.0278,0.0291,0.0181,8,1
24,357,137664,4752,4032,432,3456,15552,0.0276,0.0219,0.0277,0.0415,0.0291,0.0226,0,0
24,358,576,7056,31968,1008,4608,25056,0.0415,0.0278,0.0243,0.0415,0.0284,0.0243,0,0
24,359,34344,3744,8064,576,14832,73152,0.0207,0.0278,0.0267,0.0415,0.0277,0.0245,0,0
24,360,864,12384,201024,3816,2880,9504,0.0329,0.0197,0.0242,0.0276,0.0284,0.0265,0,0
24,361,864,4176,15264,1008,7056,8064,0.0346,0.0284,0.0265,0.0415,0.0277,0.0267,0,0
24,362,432,7344,26784,648,10368,6336,0.0381,0.0277,0.0243,0.0415,0.0277,0.0277,0,0
24,363,288,2736,122976,648,3600,75168,0.0415,0.0291,0.0182,0.0415,0.0290,0.0181,0,0
24,364,288,720,215712,648,720,126144,0.0415,0.0291,0.0173,0.0415,0.0291,0.0174,9,1
24,365,1008,26640,5760,576,9648,6336,0.0278,0.0208,0.0262,0.0415,0.0281,0.0183,0,0
24,366,432,31824,2592,1080,5040,4896,0.0415,0.0208,0.0277,0.0415,0.0278,0.0277,0,0
24,367,432,30528,5760,648,288,220320,0.0415,0.0208,0.0277,0.0415,0.0291,0.0173,0,0
24,368,72,4608,360576,792,2304,7200,0.0415,0.0208,0.0173,0.0415,0.0291,0.0244,0,0
24,369,29736,2304,3744,23112,1008,4032,0.0210,0.0291,0.0253,0.0217,0.0291,0.0277,0,0
24,370,360,11664,2304,720,2736,257760,0.0415,0.0277,0.0277,0.0311,0.0218,0.0173,0,0
24,371,72,14688,11232,432288,432,576,0.0415,0.0277,0.0275,0.0124,0.0291,0.0225,0,0
24,372,288,720,242496,5040,1152,112896,0.0415,0.0288,0.0173,0.0153,0.0277,0.0173,1,1
24,373,288,720,242496,5040,1152,112896,0.0415,0.0288,0.0173,0.0153,0.0277,0.0173,0,0
24,374,720,1872,7776,8784,2160,4896,0.0415,0.0291,0.0258,0.0221,0.0291,0.0265,0,0
24,375,3744,3024,9504,432,186192,1152,0.0276,0.0291,0.0277,0.0368,0.0139,0.0277,0,0
24,376,288,1152,357120,720,4032,7200,0.0415,0.0254,0.0173,0.0415,0.0247,0.0277,0,0
24,377,792,2016,311328,1152,432,238176,0.0415,0.0242,0.0170,0.0415,0.0291,0.0170,2,1
24,378,56376,1728,19584,46440,576,27072,0.0138,0.0242,0.0181,0.0138,0.0291,0.0177,0,0
24,379,792,9216,6048,1512,5760,18144,0.0213,0.0242,0.0272,0.0203,0.0277,0.0209,0,0
24,380,432,11520,7488,360,2592,76896,0.0415,0.0242,0.0277,0.0415,0.0291,0.0208,3,1
24,381,648,6192,74592,360,1152,68256,0.0415,0.0242,0.0244,0.0415,0.0291,0.0208,4,1
24,382,576,9072,10368,648,1728,13536,0.0415,0.0250,0.0277,0.0415,0.0291,0.0224,0,0
24,383,648,864,297504,7776,7344,7488,0.0415,0.0291,0.0243,0.0415,0.0277,0.0277,0,0
24,384,288,5760,12384,864,864,323424,0.0415,0.0284,0.0271,0.0415,0.0277,0.0243,0,0
24,385,216,1440,202176,792,720,133056,0.0415,0.0291,0.0243,0.0415,0.0291,0.0243,0,0
24,386,17784,864,8640,19872,720,2304,0.0208,0.0291,0.0261,0.0201,0.0291,0.0277,0,0
24,387,216,4752,11232,1080,4320,7488,0.0415,0.0284,0.0277,0.0415,0.0284,0.0277,0,0
24,388,288,432,329472,5904,1440,4896,0.0415,0.0291,0.0243,0.0278,0.0291,0.0277,0,0
24,389,288,432,329472,5904,1440,4896,0.0415,0.0291,0.0243,0.0278,0.0291,0.0277,5,1
24,390,720,2592,14688,864,1872,6624,0.0415,0.0291,0.0269,0.0403,0.0291,0.0277,0,0
24,391,216,1296,353376,504,8208,8352,0.0415,0.0291,0.0243,0.0415,0.0291,0.0272,0,0
24,392,1800,2592,10656,3672,1728,8064,0.0415,0.0291,0.0277,0.0415,0.0291,0.0277,0,0
24,393,504,288,342720,576,144,214560,0.0415,0.0291,0.0208,0.0415,0.0291,0.0208,6,1
24,394,360,1296,204192,504,3888,144288,0.0415,0.0291,0.0209,0.0415,0.0277,0.0209,0,0
24,395,360,1296,204192,504,3888,144288,0.0415,0.0291,0.0209,0.0415,0.0277,0.0209,0,0
24,396,21528,1152,8352,22896,3744,6336,0.0415,0.0291,0.0277,0.0415,0.0265,0.0277,0,0
24,397,648,432,276480,720,21168,3744,0.0415,0.0291,0.0243,0.0415,0.0242,0.0277,0,0
24,398,720,1872,8928,648,1152,459072,0.0415,0.0291,0.0273,0.0415,0.0242,0.0208,0,0
24,399,216,2880,11520,360,6768,12384,0.0415,0.0291,0.0277,0.0415,0.0242,0.0242,0,0
